10000
1484
349
6961
6323
6840
4222
8049
8968
9709
210
8467
9824
4221
5976
2305
3830
6857
3188
2359
6748
5372
7647
2888
4495
9261
255
6976
2560
6155
8496
2276
7404
7286
362
6402
9876
8811
5879
4154
190
7766
4962
5778
4416
605
4032
8989
5180
3976
371
6159
1360
3192
6267
885
9771
119
9807
1303
6438
6204
8354
1486
3368
2284
4895
1138
4729
9870
3133
1074
1355
5839
4957
8051
5315
5673
2397
4985
1395
7995
9894
7381
7736
1596
5308
293
8982
3344
6832
4297
527
7433
1265
4750
3012
9832
3084
7854
8576
4837
8887
7121
1358
8205
3789
2347
9634
1372
377
8723
1948
5309
6663
794
1282
2430
2749
3692
8013
6614
646
2972
9221
7861
7219
5080
8234
6590
4418
9948
4373
9848
9679
741
299
9004
4557
8477
7467
8672
3032
7260
279
6068
6626
1901
8574
3557
3400
2269
3082
3022
5045
3931
3960
2746
6848
8558
1430
1751
2887
9652
7161
859
8236
5911
6597
4040
8624
5868
9161
5311
2880
5002
7013
2262
5888
1795
2028
4301
2810
2878
7770
9549
8957
8443
5801
5650
8963
9748
9999
8008
2792
4897
1524
9695
4532
8240
3515
2816
5951
1876
1280
1611
9218
744
4439
8299
5051
2256
4760
3625
9846
6220
4237
7720
3992
3330
3100
6273
257
5296
2327
9981
6767
946
7617
9437
6234
8910
3651
2222
9787
5846
2912
6540
7805
4565
825
8941
9466
595
6631
8933
5071
3293
4146
1057
1166
1403
5962
8620
9180
6245
6504
8037
4224
6279
6550
1035
6224
6173
938
2574
3352
7900
2309
5992
9050
8019
2401
3111
3225
2448
8919
833
9439
3676
2175
8901
4398
752
5970
3108
2501
5799
7034
1241
4864
6354
8350
8841
8024
8360
5441
6761
1695
6940
2657
2231
2712
9451
9536
6186
1732
4923
5275
4083
4892
504
5406
2703
1501
1321
8369
1087
6579
7722
8156
2350
9938
3654
9072
4223
5316
2837
2190
1542
8813
1317
7153
141
5101
9625
3469
7954
4894
6235
5017
6549
3190
796
5854
4792
5228
651
8664
8380
2211
2935
336
352
5699
8104
2784
7234
755
4717
4366
3211
4013
7959
5241
2717
6498
7136
766
1990
6723
2061
9612
524
3501
3239
1421
1518
1919
8519
9960
2821
9478
3959
1461
4220
6644
2866
6694
8731
2597
8332
9252
8209
3955
7949
6586
704
8930
2076
6980
1597
3096
3891
4807
8750
2899
3485
5432
9952
2393
3152
804
7458
1710
2541
4087
9943
4386
1557
8168
747
2447
7185
8459
4986
3285
4464
7889
3274
8455
5927
1064
7658
2785
5421
7299
8038
6262
6816
1162
5370
8627
7024
7699
9998
9874
110
2635
2682
2617
4734
4204
7920
594
6839
2627
4300
2576
7892
8185
8686
2719
5913
5825
4908
1434
1839
3251
2138
1242
619
788
283
2859
82
2483
7124
7771
7495
2282
8599
8626
9613
3158
4623
5858
1163
6906
4510
1332
3768
6630
6421
710
6797
7002
121
8948
265
26
3735
2433
7659
6024
1814
3793
5720
2048
9122
6212
7426
2637
2983
860
5048
3374
8990
6902
6824
323
3948
5212
4523
4286
1435
979
4315
8345
9237
3616
8193
8523
7559
7151
2118
9935
6076
5166
6104
9503
3829
9640
997
4639
5533
6409
5686
2007
5899
5572
8428
4203
8179
1437
9324
6772
4254
6450
6826
8903
2557
2476
393
8194
3674
6914
13
8566
6197
6181
5310
7856
5114
5378
4414
7807
8201
7870
2715
6167
5554
2683
8424
9983
3924
1615
2178
4578
9610
6719
9259
853
7313
4813
821
7157
9181
8553
1904
8846
8207
3290
894
9606
2950
6490
834
5304
3535
2235
8450
5558
6637
9508
716
8106
9453
1993
9075
905
8340
7808
6538
416
5240
5146
6397
8934
5103
1704
926
2113
9565
9195
2977
454
7006
6721
3155
6869
6658
9369
4489
2081
9515
2969
5629
3043
7789
4163
7800
9789
7180
694
1691
6861
1386
7742
378
1655
3985
9264
3721
6687
6394
7085
3678
4508
7331
2239
6008
6386
6811
7971
6098
6305
9580
778
3681
1192
4118
3772
5105
4129
5233
2023
5591
8875
7470
7315
4342
7612
1802
6364
5376
541
2980
5232
174
9599
5437
6927
4182
799
5940
4796
6929
6200
7686
7081
606
1944
7242
3945
4581
1062
162
8663
7528
583
7931
3409
7585
2390
5712
2366
4576
276
3109
7186
6835
2958
5537
3357
7864
5097
7940
1757
2470
3569
8447
6699
4703
6814
3126
3217
4980
4492
6277
1767
9967
8971
7844
1204
9277
1800
9224
8241
2991
2489
1412
7043
7243
4336
2291
3019
4936
9954
1503
495
5374
2826
5018
7907
503
7265
968
711
6320
3790
2668
1071
8243
2385
9021
8315
5467
2013
3595
1947
1288
2869
4693
3454
9752
2723
3754
5957
6935
9322
9348
8214
1992
1069
2316
4461
9030
5710
2957
4812
7254
2280
249
8202
6177
1329
8791
9036
7191
9363
6332
8649
2781
7009
2534
5502
6583
1959
5894
9246
420
3811
7577
8874
1980
8920
1356
3648
1039
9585
372
4037
2545
7979
3602
8238
232
8441
3701
3065
8959
9056
9337
8353
9374
5987
6919
4973
2624
6750
7726
5819
1224
3875
9849
629
9487
201
6009
3007
7169
8638
1742
561
2171
7073
9815
4728
8076
4665
3577
9626
8993
1124
8936
8988
4543
5528
8192
939
3553
8216
4473
3686
3863
9843
214
5350
557
829
8648
3965
8066
5104
8067
1273
8110
5788
5634
1326
1440
3242
1622
5877
5338
4291
6180
8946
3769
1970
2905
1077
4519
1519
3362
1857
28
1834
6948
8107
4422
4191
3773
9211
1711
3717
3718
8312
7451
9017
2152
5559
649
7953
2639
6420
7037
8427
6554
792
7498
8002
1397
474
5032
5278
5948
4904
5764
4833
254
7106
5268
5652
5638
3304
1033
670
7077
6437
7951
6524
2961
1686
5579
854
1720
8861
3387
7791
1364
3235
1760
9063
1115
1040
2099
2974
1111
1392
6558
9100
8761
9756
2587
9124
3767
307
4435
4354
5677
3652
7974
1380
3486
618
9349
2884
3410
235
4360
8471
1445
838
5692
9212
8250
3911
2422
8074
9469
7018
4090
1884
9958
4563
5249
4377
8749
3218
3584
7627
2704
5127
8785
7399
9467
2783
546
3259
3324
7812
3030
1608
498
2207
7101
3580
1930
1574
6442
7054
7374
2273
3137
1506
43
538
9730
5817
3334
3415
7586
1753
877
9401
2589
4231
2854
5225
6855
763
8323
6299
9662
7793
9441
4238
6463
7440
3766
5860
6611
9869
3540
7419
6505
4364
4942
5013
2324
839
4682
2058
5125
5470
3273
3483
3199
2995
4302
9708
6785
9908
4283
6329
5635
4351
6091
1109
2525
8517
3780
4148
1591
4068
960
5206
3016
4140
2714
7414
164
4485
5828
8124
5592
4047
9355
3237
3892
6735
6676
6047
1577
5133
7427
1107
8926
8495
3899
8570
5621
1925
6302
8992
4680
7491
8606
5656
5532
1635
8095
9630
5418
5834
3878
1616
1871
1495
2786
8958
5159
3256
215
9767
6733
6956
6602
2967
3471
5185
6088
3302
7352
6625
2295
2975
6002
7818
8017
7725
9992
4741
8860
4645
4250
8213
225
1847
5405
3536
9572
1478
7425
6395
5628
9830
9000
5748
8744
4743
2384
8507
6275
587
6729
4064
6591
4950
9755
7496
8871
1712
9184
4219
1649
9477
9116
5028
8227
9338
2419
6313
123
2473
9089
4262
2493
9440
6546
6366
9013
74
990
7269
998
5695
3512
674
596
4314
1420
9778
4517
9113
4945
7795
8101
6703
3684
6077
2055
7960
8417
5664
7000
639
2288
1784
911
620
3373
2317
8359
4961
3442
4245
2615
2394
6537
1505
432
9655
8735
8132
1170
957
5434
7173
8114
3048
6605
2146
9735
9057
9909
3394
8829
3081
340
224
5412
2520
7391
4820
6038
3481
6152
3704
4828
7886
7692
3478
6016
471
8195
507
4067
5865
8575
8737
7099
4
7846
4770
6764
2237
6105
6318
1881
5997
3901
925
727
4840
4663
7994
311
1968
798
4169
7493
1746
486
9368
1706
8535
417
8705
4726
5991
5322
3634
7364
1183
7998
3565
517
9582
394
6965
4325
5134
7455
845
7165
5362
9861
4280
5749
5147
230
2097
5812
2538
1999
4910
5396
1550
648
3069
1447
7020
9601
3450
470
3438
128
3606
9045
9550
7312
9751
3071
4348
4608
4827
8617
2313
8306
1535
5523
112
5586
2445
1237
6454
8900
3680
7860
7444
6401
6803
5794
6900
4240
3894
6263
240
7929
3243
1402
9244
1231
3545
3974
2345
5453
2808
980
6001
7343
6100
1730
6559
2966
3981
2519
2659
7704
6818
2580
9965
3520
5500
4699
3622
2632
9098
4902
4646
2110
5564
8373
5622
5483
4039
6792
9707
8882
8508
2200
2919
7780
9905
9103
5716
9235
3182
2569
441
9415
2921
7321
9088
9260
3669
4988
5153
1707
3105
991
3247
3315
706
8702
8232
9596
3792
6866
6569
1272
1362
3011
9600
5380
9977
4384
98
6635
5026
3796
5115
9386
9928
959
1473
9847
981
386
6704
4657
1334
302
3279
100
837
9333
7424
1132
3607
7226
7540
1818
4162
8274
1614
4587
2893
8162
4777
2817
8733
1117
7980
306
2482
3847
9150
8264
3422
5258
1299
9866
2219
4021
8564
2600
1476
9282
6915
1822
2137
2464
8303
8567
1875
6021
5174
1581
3175
8975
5490
5624
7389
9257
2290
9137
8268
5003
8137
7681
6971
2334
8263
9722
1537
258
5552
3426
1963
5657
806
733
8135
5475
8473
1045
9957
3750
7090
1604
6714
7655
6933
6665
8879
2471
5277
9705
353
3831
7172
6755
34
5413
8593
9890
3832
916
2223
8228
1885
8249
6600
6071
5250
3051
3068
8368
3846
5689
3963
1133
5344
7271
5694
4649
3470
9518
6672
1687
2666
5949
6690
8603
8945
6221
8400
2895
1855
9739
6853
7486
2373
7277
5227
6916
3881
3702
7040
8470
1627
3207
1683
8415
3085
9567
2285
2131
9571
4832
599
429
3492
7109
882
7322
1620
7227
4898
6041
7091
1682
3746
5262
6567
8784
3260
3610
1357
8996
3720
6260
4879
2212
9696
3138
552
5581
5078
7240
2638
5480
8504
2467
2479
5348
200
8411
6384
9950
2037
2184
2780
8210
1367
7430
3798
4073
8452
369
9425
4952
9780
8736
2982
691
7323
5178
53
8175
7804
4101
5353
5068
3756
4295
5299
5431
1685
9142
3586
342
2088
5971
9772
7769
411
6959
6327
2426
2338
2930
3906
3195
5750
6422
5933
8045
368
7217
8748
8815
220
6804
1405
8046
9231
3453
1693
8955
9744
3507
3710
3253
178
8510
3646
5530
5173
5270
3562
3440
3351
6777
8743
4185
9071
7875
1463
3491
2216
1236
8925
2315
1651
4883
8385
8498
7673
6135
6837
8006
7530
6154
8196
3804
1238
3987
6741
5044
9723
4062
4790
2805
8294
4990
8762
1645
4438
3893
4194
380
7775
8165
7351
6720
1118
9806
750
4433
1638
8118
6270
1150
1540
4077
1716
9770
1935
8591
8583
4527
1681
958
2255
897
8942
5369
824
5895
3037
9421
2829
9497
6166
8275
2319
5384
9399
6256
7639
8245
1911
9476
5653
4454
4009
678
1059
9196
9404
654
8334
1048
3519
5119
5325
7839
1413
9791
8094
5589
6289
2956
4121
2481
4769
2195
1967
2517
79
7733
6747
6757
5544
5603
3643
4049
7168
4124
1206
7873
7137
7375
2180
1044
910
1775
7991
8623
7145
314
440
2855
8501
4143
3429
637
4701
4625
9975
6821
5864
9851
4780
3635
8481
4742
1676
4704
6519
9035
3382
955
8054
4669
4178
7580
8895
1034
6743
5489
738
8463
1174
5734
324
5234
2170
2229
3127
1026
5043
4577
8464
1996
8204
518
6418
1739
9042
4650
7060
425
1547
7036
6667
1247
8889
1453
9396
3467
7608
6572
2954
1341
2134
3983
7316
2793
7739
2879
1544
4848
4424
8545
9559
9007
4710
9819
7150
2300
7390
3908
1664
8102
9712
7762
6357
1195
8639
5823
6958
5290
9641
626
642
6603
2947
9447
6982
9297
7257
8163
3999
8127
9757
8409
1419
1126
8199
8487
922
5377
4556
5654
5626
9607
4276
7436
9359
908
1418
5139
1315
9788
9044
6040
3755
898
3534
5641
9569
628
2894
6015
6525
2221
4313
4358
785
5140
2857
4951
9547
8819
7325
964
9346
9618
7361
1538
4553
8792
2021
2575
8984
1229
2425
6142
5836
9143
8381
7683
4045
2294
5411
8913
7395
510
8031
6296
6430
5517
934
9884
9468
419
8994
6242
9937
4685
1575
1715
2228
4355
7687
2062
563
6461
523
9554
3342
9294
3135
8346
1939
2092
4800
6347
5600
3841
5776
6782
9671
1976
6686
5932
668
8420
5293
5608
4306
8825
986
3316
9914
5875
5681
6696
5129
4568
3968
4432
1849
6957
2653
9432
6396
9176
6042
3366
4113
737
8288
7908
7545
2400
6513
1209
9548
5908
5606
9628
331
1714
4025
6013
6712
3064
1801
7958
6739
7997
2765
9657
3169
571
397
7487
1336
6859
8528
9068
4740
3090
1346
746
9633
5123
6830
7365
9275
6595
184
6616
6150
2042
9118
7267
5809
5447
4924
6028
7220
4604
9798
5367
125
7819
2929
208
1142
973
5213
7064
3840
4260
4596
4034
1833
4318
9854
9047
3683
1539
1417
3957
3833
2507
2312
7481
4925
664
8157
2758
4791
7100
145
4579
7266
7302
9025
5096
4719
3688
6473
4605
7985
7539
7446
3262
1216
5614
2819
7533
1451
1449
7672
1056
2833
3250
1656
1161
5204
2431
3817
5961
1933
270
2764
7058
6673
1376
1131
9927
6510
7400
9405
392
9206
1606
1942
2417
8536
6097
5829
5491
8343
4136
6486
5211
1159
3887
3014
5540
2496
2594
7517
6139
7393
3614
3834
9179
4526
3309
2450
554
2066
1379
2192
1200
8053
1673
9956
1891
2029
6449
6390
5138
234
8191
1794
4168
8804
8402
3002
7522
5330
1623
6209
7332
2220
4225
6010
2045
2926
5152
1320
476
8634
8859
5599
6179
6870
7993
5950
615
6841
3556
5747
157
5122
6545
6639
8708
3120
1178
6904
835
6199
7233
729
7541
5092
6399
8229
5223
5144
3230
7175
6574
8531
7862
2801
8401
9060
745
6286
81
3249
4437
7253
7574
3598
7059
9073
1184
47
7149
2266
8694
8222
458
7881
9617
1338
8364
671
590
5845
337
4677
2254
2631
9172
7283
6453
3778
6207
9552
9699
346
1494
8092
570
9340
1171
7359
9700
3264
9062
8514
4918
1030
8375
1015
4272
8164
3675
5596
6675
6746
19
5476
9200
8577
4660
7561
900
6445
7840
6491
7473
5282
2466
5373
6103
186
2867
2678
5107
2321
1173
1488
7741
5243
5783
1639
338
4255
8830
549
3741
2680
3566
7291
3307
2754
2886
8584
4467
9250
7821
2145
8613
1648
4498
9509
2246
1296
9413
8801
1954
5965
5855
6620
5536
2849
9921
3098
9270
8571
1643
4235
5886
9183
1989
6136
6266
3476
8433
1866
158
3388
3024
2056
1850
2330
1698
6752
611
5106
4656
9217
5260
9501
238
6236
4698
8650
5983
5687
2122
6005
6710
1525
9573
4078
9090
6019
120
7708
2987
7326
5821
5286
2592
1675
4737
2344
9889
379
843
7885
410
1736
5454
9736
6941
122
2547
3851
1110
7147
5246
5047
5947
8962
9514
2323
8020
5008
366
1561
1083
4249
6341
1668
6225
5492
2005
8184
6845
9132
7918
2018
2701
8873
1586
94
8715
1548
1936
8688
5276
5404
9344
1748
6243
3774
8595
6153
6026
4583
9544
1156
8090
335
1116
3395
8414
7295
5872
1644
7122
111
9402
9336
7573
8560
2583
4091
1492
3560
6507
4265
4453
4080
1080
2059
988
8938
2435
4989
8876
3687
1923
7903
7878
5407
999
1856
2868
2918
5497
2605
6751
1921
3287
7975
6779
1100
4405
7646
7556
5822
8601
8657
8644
4475
312
3405
4263
226
2964
4196
1838
9465
24
2776
8973
1339
2542
7308
8578
8863
6007
7581
5963
3599
2157
1232
1259
4202
2630
884
9531
8834
8248
2518
3210
5332
2477
1631
5221
7968
4323
4616
3468
915
8376
4808
5015
9377
3083
7012
5253
6030
9094
89
2572
1003
2031
3322
9125
6778
6581
9379
5252
9506
6888
5313
1012
8572
5861
1816
7140
3691
3563
2745
2585
2962
2382
1264
6144
6522
5142
2352
8440
4664
3404
4695
6831
2670
1507
5149
901
4855
7787
7535
9545
4955
1121
1460
7385
3496
1724
2072
7757
3990
1867
21
9986
5460
3559
8389
7297
3436
2077
6335
6564
3542
4497
1600
8799
4597
6632
3849
7847
9796
6470
7867
1312
4635
147
2791
4216
2911
5054
4912
7690
9691
6112
4152
9773
6727
8786
1969
4775
4970
4285
7891
7289
6633
6515
1735
5598
7904
8362
6322
9332
2762
3825
4672
6938
3521
3731
5183
9810
4145
3706
5112
1468
2148
861
7278
3869
8939
5055
6426
5751
7765
7063
8556
9794
6380
1323
6487
9058
3372
3306
6061
3144
7597
9027
9330
2543
8494
609
2548
4374
5066
1903
4839
6827
5661
6893
4135
4521
9897
3179
9133
3094
4993
623
5385
9126
3431
4261
6511
4218
1256
9041
708
1709
5601
7350
6248
8319
1276
928
5274
8089
7230
4589
5393
1389
3946
5388
4326
9329
1022
6314
9173
1295
5346
2169
3338
4666
450
6258
3551
1889
2582
1278
560
9925
6501
2096
1657
4165
6609
8172
7195
4939
7339
8940
3474
8788
2533
4751
9675
6621
1063
865
8026
1344
5936
7357
5806
4189
1836
5042
4881
227
6942
5391
9298
6661
9130
3493
7714
9104
8370
789
2405
6894
7626
7743
6996
6770
8721
3317
7746
4332
5160
4496
7613
1052
8769
3447
477
9139
5953
7914
874
5099
1932
6541
4436
473
9395
4888
7382
5366
9931
9498
4466
3883
308
6288
6403
1155
4959
7684
5397
294
8365
5797
8826
7505
4186
4748
5219
9783
2568
8062
1311
1450
5218
7396
4852
844
3
4307
6619
4551
627
9539
6020
7123
840
9091
4210
6863
6208
1973
6281
2509
2343
1465
9940
6043
9528
1073
187
3104
2862
9155
4927
7578
9456
6369
5642
4004
6979
816
633
5639
1021
8891
1886
9127
4058
6351
1966
3339
3890
1120
2459
8725
6441
4378
326
8337
1381
9198
7232
231
8351
1517
814
3140
5471
1097
99
3989
4459
4106
3303
5651
2392
3332
4330
828
1554
7678
6468
439
6485
8413
1177
8432
8843
1102
4043
5063
8509
153
4199
2853
2174
8787
1722
5519
198
4644
5721
9802
2914
8367
2136
5835
9678
7871
5503
6636
9223
152
3201
4716
9020
2836
1982
6985
3853
6974
7883
966
9670
3289
6955
2591
4805
9287
7688
8499
7671
3870
7156
1316
4772
442
5757
3503
9942
6240
161
9325
8734
4084
9358
7797
6111
5237
7967
478
6205
9860
9978
7159
2806
2043
3423
2126
6756
2616
5484
3547
7558
971
7378
1485
564
8985
9024
7154
8779
274
7669
3466
2990
1490
1792
9131
3292
1014
8628
8309
502
3986
3839
3295
3685
9727
2139
1763
5644
6796
813
4718
6050
2988
5326
940
7066
8662
3487
7936
8924
4290
3240
4088
2130
8921
2612
2733
1424
967
7003
4901
6653
808
500
8979
6931
1665
2695
6316
5580
8533
9911
2367
6695
5708
4156
8050
3347
4824
8653
4509
7938
956
2
757
3329
1018
5814
6923
2454
4248
7462
3933
9128
287
1897
391
4456
4122
7606
4312
8280
5813
5479
9829
1325
2196
1050
6911
3376
9273
7369
8208
9693
5876
7834
2032
3529
2160
1293
3326
9521
114
7930
867
7292
430
6988
3932
8091
9517
712
4076
9193
7033
7915
7894
6769
7981
8809
3613
535
4502
687
892
1220
1598
3115
7415
6683
9532
8754
4344
4001
7731
5659
7632
707
1270
684
7823
2654
3165
9245
3156
6238
173
5542
4119
2335
1452
8410
1104
6385
5379
9160
8460
9926
71
2360
4518
9982
2998
6084
239
2278
4774
9082
5359
2822
2644
8154
9352
4296
9251
5427
4637
7134
8729
8287
9493
1894
8548
3059
2677
8404
282
9149
6247
7167
7667
863
6977
4885
3209
4870
9714
9328
5724
8559
5285
348
6283
2265
9051
4304
6629
2475
1081
505
3843
9190
4686
8279
9053
4427
6046
1199
5802
1400
4256
4787
1531
7345
87
5993
6736
3418
690
9672
1085
4911
4763
1297
5065
1650
130
9074
2726
8318
5643
1213
3786
8304
5627
7947
5236
2234
4289
1796
4983
7916
2044
8870
4239
6095
4632
6452
1423
456
582
9688
9570
7111
909
5690
4810
6342
3066
8684
480
5873
883
759
3040
4913
5587
3173
8969
7386
1955
2949
2128
8161
3604
3928
7492
3724
4368
4328
4930
2257
6946
3006
286
822
1319
8492
1902
2391
1672
5464
7115
5022
8439
8028
9216
3886
1927
3656
8864
4999
1013
3668
5515
5671
9922
2372
4880
5473
6697
2230
7810
5069
2539
5217
534
75
4308
1858
8221
9077
2702
8122
3097
9375
4758
4941
1331
62
2976
2706
7118
8541
4595
2123
4041
7735
8284
4803
1892
3698
5696
4443
9649
638
2910
8755
479
6259
9312
6375
9095
9300
7029
9740
1481
2399
8752
4766
6443
7358
4600
181
29
8224
5349
1219
4580
5343
5887
8296
3764
2267
6099
5755
256
1411
7068
6539
1737
3904
3095
4481
9803
927
6508
1823
117
7229
1313
5354
8096
9734
2621
7045
4294
8943
445
8388
1526
8047
8568
8880
2103
6689
3118
1862
9792
8820
9817
2845
9085
1368
2484
8307
2218
2916
3291
9677
4507
1262
4131
9801
1349
5549
7510
2832
7216
7625
6459
9749
4089
5439
8960
7259
237
4017
3594
5538
7905
4917
6791
132
1835
6156
8986
8703
4383
1731
3526
9301
8029
351
2759
4406
6359
1511
2270
8980
4765
6652
6051
5612
2586
8338
3576
8608
4642
3802
3420
7285
919
8695
9984
906
8888
7469
7472
9920
5191
9844
5890
5451
9588
8044
872
5082
3996
5705
8594
8604
4331
3214
9526
5093
9747
8292
754
7162
519
9037
3727
9175
5435
3204
350
548
1589
1246
513
5742
913
9645
7728
3962
1549
4976
569
3865
160
452
3761
7909
209
7519
2424
5027
7685
8247
9680
1943
2320
1428
5305
9159
2410
1005
2846
1042
3389
2544
7072
1780
3091
3672
2963
6873
5208
679
572
9835
2253
1375
7236
3112
6880
7653
5604
1373
6067
8782
6654
3456
5943
5061
7406
88
2024
6372
8848
5030
702
1851
8182
904
4816
9842
3844
7432
7355
647
7408
9434
1958
3725
4689
4571
6638
2506
9831
2418
8701
95
2611
8397
4419
8171
9117
6011
739
4105
7605
4303
154
38
319
9614
7489
8466
2573
2742
4407
9265
9407
1458
4452
6643
8806
6786
1499
2838
9356
6492
2388
3838
7745
8611
8976
5826
7132
7417
3670
1294
2875
5194
3479
7380
3618
3399
7082
4130
5493
8176
7148
7084
2851
9243
9683
769
655
3640
1688
7555
2413
7435
9201
7831
6446
6439
2193
4529
4783
2981
5769
1221
7549
5988
3392
4380
868
1995
3969
66
5455
5618
3167
4520
4707
4158
3336
5779
1981
8352
9713
2673
3254
3627
7890
3783
1251
6398
4293
3902
3655
1144
7407
3679
7552
3277
4549
8383
1310
35
8917
2761
974
8660
9686
3328
3658
3265
9697
7855
4555
4267
6613
4055
4968
3578
5137
9490
11
6102
8457
2604
8305
2941
2656
5468
5041
166
6972
7897
6849
2917
384
7188
2848
2839
8845
8716
6124
1260
2078
7438
9414
6466
1908
4697
6677
8676
2236
6419
1093
8896
2194
8886
3929
3903
1098
3739
115
453
2735
8607
424
3460
8021
5730
455
6400
2937
3978
3216
4886
2760
880
2060
4278
7193
7097
8220
8115
8472
1223
8614
1105
2986
2080
9383
5224
7457
6230
2599
7079
8798
6383
3528
4585
1945
9444
7814
7584
2492
6514
289
4887
7536
9361
8257
3845
8929
4450
768
3854
6728
3018
6877
8348
589
9512
3726
1640
8794
3318
6701
3421
7372
3548
8641
4132
7643
1979
8918
9061
4309
6300
2205
9853
2125
7623
6121
8630
2946
8476
8073
9059
297
4683
952
2505
1441
553
4919
6122
6294
6970
4197
662
9494
2189
6353
8745
7754
5918
1469
6218
2238
468
8690
9371
5197
6
9654
8605
1625
7654
64
714
731
5669
1859
7700
2396
8329
9119
8145
1000
6118
2705
1521
2159
584
2242
4610
6660
4353
4754
8027
4651
9639
857
6495
5969
3244
7992
8069
3591
4706
3877
2250
9816
2004
1924
1541
5265
6578
7753
4108
381
8812
6448
7062
1653
2030
2978
5780
8981
3310
9473
9452
3475
2779
243
5768
7346
742
4206
3358
6793
9743
1770
8480
5898
2515
9026
6023
2259
9608
375
4281
2633
2936
6688
2376
9238
1497
8965
5856
4116
9274
5905
8777
6627
8226
1266
8544
8283
7413
9390
1841
2834
9458
334
1749
2700
5974
4155
6361
8704
6520
8588
4700
8771
6876
1038
9006
6577
6899
9974
6254
6210
9901
3041
9002
5410
3665
3052
2623
2788
1203
7130
1165
5924
4018
3713
7650
6458
3951
5565
1154
3935
5722
4149
6219
3222
4059
7676
7273
4179
3215
2944
7056
941
5893
7174
4247
6924
581
5409
9152
7196
1072
3695
9065
1351
9598
8728
6058
4403
7394
5707
345
407
5444
9525
7280
1335
3879
5481
4324
9445
1205
2185
1898
2203
6344
2499
6623
5784
8422
3323
6516
6447
2655
1191
1788
933
2289
3799
6455
9305
950
6954
3808
7744
5049
8169
2942
9619
7965
3229
5117
4399
444
1680
7282
5259
1464
415
3516
2095
8478
1678
3628
4713
8142
139
4978
2182
7264
2087
5176
4785
72
2224
6594
1873
7611
1832
2006
1152
8680
4310
3554
2688
9644
2979
1327
1926
9229
1136
3391
8600
9489
8438
5667
2707
9268
3743
6862
4891
7978
1305
5636
4469
9492
5329
1590
1652
3076
4395
4367
4487
514
8855
5551
1928
3925
2287
3558
4504
6132
5154
5193
382
219
7589
6298
2106
9018
783
7155
1565
5364
4094
2104
8927
9668
8865
1300
7411
3236
5884
9488
493
3998
1091
4546
3301
1180
1390
3930
4875
7779
4767
213
3252
3276
9583
6749
8256
1743
3499
6214
6497
102
2457
1496
9408
9621
31
6532
8707
5981
5131
4628
5148
4381
3816
8573
8552
6387
7225
3645
3699
2889
3775
6319
296
5978
8482
4715
3171
5986
575
9411
3954
3749
8953
9299
1553
2777
7164
4491
8082
6990
7691
1179
2272
2485
8610
8252
2107
1844
2201
5843
7849
9435
5999
5841
9865
6285
9970
7602
5035
4977
2994
5791
9400
5000
2934
137
4503
9527
8717
5331
434
1633
2738
246
7973
7213
8109
3561
2411
3744
8378
4747
7520
3639
4909
9646
9971
9039
5570
6434
2841
6079
2651
204
6707
4430
8126
7501
1745
4617
4561
5205
1922
8372
7956
4512
1636
7025
3383
4144
9754
6356
5595
5300
6064
1027
3234
1504
7471
7677
3363
9924
7649
3794
2306
9146
9153
3855
6944
6680
6137
2708
8569
1314
5714
4830
9537
8814
767
9814
2370
9882
3054
1984
4850
8355
547
5001
6228
3375
568
4095
2514
6502
1817
2721
7624
6799
5541
5466
9838
3050
8444
7463
448
5811
7610
6405
5472
3294
3995
9955
8772
5719
3102
9222
6833
7596
2361
4394
406
8390
3174
7721
7788
4102
7182
7887
7371
4401
2240
7504
3267
9226
4322
4217
5674
2027
9895
2698
4056
2596
8393
2718
4727
8475
1479
994
660
8151
7837
3919
6908
205
4389
1487
3988
7373
6847
7782
5088
5360
3189
8011
1182
9823
3588
7696
5014
6032
10000
4874
2908
4661
2283
2375
2020
1587
6718
5808
2767
7450
65
7110
1723
8951
9360
8128
5675
2034
136
5010
3666
4125
2329
2671
1281
7717
7392
8215
7187
8003
6664
1408
7443
2297
8077
6378
8023
1058
7996
1869
1067
7178
8916
9380
9524
4640
8726
4451
8741
9663
9367
6685
5214
6087
304
6850
907
3682
9972
3455
7028
8587
1962
9446
6670
6615
7948
6317
4215
2480
57
9906
1887
7546
3026
5684
9049
4228
2069
9864
4979
9591
5921
5052
2502
4391
2328
8654
5301
5425
1169
1416
8358
5672
7004
6216
4409
9178
4334
4723
2524
779
1160
8847
7648
9491
732
1415
1396
4757
4417
6185
3203
3782
7790
8742
6189
7781
7104
6481
7466
3298
8808
8119
3941
7201
5760
9327
4042
2026
8004
5072
4345
8325
2494
8914
3161
2938
1498
8078
3907
8877
5668
6269
7416
621
4811
6730
5
2068
6829
984
5526
3401
3157
1129
586
3191
7083
1872
3860
9191
4768
912
6702
3271
8652
1545
9763
6810
1510
1482
70
8642
6588
2710
6222
9535
2882
1384
802
7604
5990
8100
2167
1971
2546
2871
5767
1128
9765
30
3915
6340
543
703
9505
5889
7932
259
7719
4681
9658
5827
810
3417
4602
6029
8640
9496
8753
8935
3966
5915
7893
7270
3661
7272
5118
5292
8449
9887
6860
6048
1001
491
2362
68
4282
7152
4193
4997
5334
9704
7850
720
8615
6509
4838
5793
5408
9460
8580
4081
4317
793
5402
4051
1493
6562
5928
1149
580
3506
2053
4007
7268
5371
6807
6981
2840
8800
1194
2437
7171
7568
6856
2116
2847
8645
3874
3539
1146
9475
3518
7732
1783
7499
4966
9656
4678
1669
3305
6647
4932
7644
5593
2870
4789
9314
8977
9781
8700
5574
3134
5038
8781
3080
6801
9219
8097
7695
3777
4761
92
2898
4866
8326
4674
9381
7363
9199
5281
8904
2354
449
4511
5108
3752
7615
7333
3971
7102
7663
8546
9262
5743
8295
8286
1466
6551
77
5777
8048
1661
2227
5640
3172
3868
6090
1747
271
191
6127
4564
7160
2925
5706
1964
2773
5199
9353
7218
8327
159
9210
9579
3343
3609
2310
7701
7387
6025
6148
902
4187
4569
7641
3820
1153
14
7619
8
3403
9919
9826
2311
6223
8276
7562
6921
4590
2141
6239
5251
9888
9574
4327
4428
5312
3608
9303
9429
8170
4854
8665
1634
4846
1562
5670
9306
3590
2674
4859
1113
3300
5972
7815
8816
490
2665
9213
2831
7454
2553
5235
2940
3393
3055
3889
573
8597
9167
8465
1051
2903
5563
3124
8230
6930
8633
8540
1345
6995
9556
9651
7212
1793
108
8970
3747
4868
5428
2892
9241
9523
3862
4547
565
5795
3430
4429
1123
4111
1404
7138
2357
9345
1285
9032
1130
8418
3723
9443
8483
4629
1552
5317
7802
682
9616
4759
9953
576
2086
7337
9271
3997
9930
3379
6161
6945
6528
9417
5395
9764
4023
6912
9840
5850
7718
6740
9575
6249
5709
3641
1694
9839
8070
3979
3432
4305
7607
1830
8113
6370
9581
3325
2022
1718
5163
7529
3848
556
3286
8838
2090
9563
2277
2813
3369
9320
5848
8719
7531
7620
1920
6232
9419
7911
3970
1462
2409
9561
8435
4343
8018
9129
5756
6141
5525
8159
2286
6188
4226
7141
3871
3947
9859
33
7437
5807
7679
1304
4298
1049
8293
3114
1108
6994
365
7231
167
9944
9637
2691
7031
2606
6753
4347
8311
8747
8621
2590
6678
5494
3380
7197
683
360
5569
2455
2082
836
7825
2342
1579
8188
475
9719
9808
4536
6648
2436
2503
8718
1370
4560
3224
7412
4506
4174
3441
3360
8537
2699
4630
4207
8818
9054
5091
9495
7070
3088
675
1626
6765
3463
5477
8928
8511
8079
5474
4795
4448
6250
5340
9758
281
2535
8616
9622
6477
8468
2364
2636
5495
7050
5279
4236
9253
1016
3523
9230
3321
3143
536
3896
6171
6530
6444
1122
5960
7884
6410
5607
9929
5064
2500
5715
1607
4739
4535
8098
7838
2906
6523
7042
4476
4636
6598
1865
4834
2647
5394
3283
8103
7806
2241
3709
2050
3785
8237
464
8143
4622
6414
4668
1141
4340
1086
6731
489
4470
9158
2629
4181
6742
9782
3791
705
7448
4659
6967
5996
9682
2676
8206
5633
3437
9267
192
2652
4253
775
1290
3398
438
193
8316
2844
1772
889
6460
8827
2296
5729
3942
795
3895
460
2770
982
3587
4843
5906
5151
1283
5937
2019
7906
830
3166
4929
4592
1342
782
5031
9635
1328
5323
1470
5398
5649
113
2307
4016
8683
6612
7509
3354
6119
5132
6052
4499
3428
6089
719
6599
421
4995
3993
1659
1987
632
5172
6909
16
3365
1513
3319
354
6464
3029
8805
9800
9716
6045
7879
8944
2672
3805
8760
8974
6842
1388
7827
7052
2428
969
8173
7640
9624
7652
3148
1070
67
5090
7423
9769
4835
7553
2274
2579
6693
3898
2402
69
6499
3270
3176
6115
5145
2510
4420
6867
2383
890
6073
6606
3630
2444
608
1628
9538
8908
6964
1235
3427
6211
9410
5150
5562
3719
8931
8382
7497
3424
7307
3958
5527
6108
8909
4869
935
1790
3131
4984
7008
5261
3818
1877
9510
3123
6140
7983
567
8682
8399
4606
8034
5448
6428
4431
4501
6759
6346
5257
310
4784
2865
103
9979
749
4705
5169
3812
5339
555
4946
9232
6085
6217
5033
3163
6766
465
7518
871
3053
7190
3177
1883
1585
5897
7944
7853
4746
3509
6536
1860
6291
9729
896
8317
2127
2945
4474
1642
7767
1082
179
2074
3333
2469
5005
3036
7362
2407
8500
8203
6229
7502
7163
3827
3458
5923
4035
1744
45
1409
1559
6086
9784
7760
9255
9520
9850
663
5632
8005
260
2513
4279
9112
3275
2368
688
4633
78
5615
9499
6149
1472
5685
1306
7340
4537
3690
6552
4072
8757
423
734
8505
9899
2679
5337
7662
4392
7737
1289
4709
7078
8714
1741
6227
3057
2132
7139
6054
4120
8377
758
2577
6692
8678
6146
6886
9170
6440
3402
49
6151
1291
7680
1043
1617
5521
9731
1786
7319
3564
2063
6261
780
6518
3331
6947
268
412
2900
8285
59
2920
9280
482
2664
7986
5303
9166
8442
7595
1769
558
921
1148
3732
5882
970
1900
7928
8479
2206
7480
1725
693
2408
5419
6828
1595
7170
2177
9949
3017
3462
6158
8658
1828
6669
578
8075
3103
753
8086
9681
4802
9171
1509
2010
2523
948
7049
8198
341
7557
2645
7468
761
8751
8445
5717
7144
1410
1399
5287
4096
4478
9777
414
2753
8146
6905
8040
1193
516
5852
4425
7957
404
1840
3078
6881
5985
8320
1398
1076
7105
6367
7630
6482
1806
7525
4793
3227
4357
7098
1391
6415
2997
3181
3953
3921
4288
8592
7778
9256
9558
5336
2904
2562
4826
3722
8491
6928
8001
8681
4949
3003
635
8014
1781
770
4142
9820
743
6128
3603
4287
9611
248
4214
2540
9083
1755
2927
4926
3807
4773
155
9366
7817
4338
1024
6512
3361
5816
6484
3597
1566
5186
1961
9424
3583
2516
295
6252
1135
9102
9631
461
1196
6065
6272
3585
6547
7318
6762
4724
5547
5934
6255
6784
1729
9737
398
9023
8671
9779
4227
188
2812
3086
823
7729
1114
6411
7749
7830
6337
5773
8244
3406
2490
9309
7989
2716
5798
6297
327
9236
8844
962
8088
7566
3527
5867
8489
3826
1433
4251
506
3552
4675
6376
3444
4778
6698
7674
3900
540
6823
8722
2928
9862
4434
9215
6165
8852
7665
3650
5155
3589
3828
8646
3419
5683
3913
1740
515
9522
5272
9917
9378
3923
5168
7119
7569
4423
4180
4921
4266
4071
9220
7131
4618
3058
101
8691
5297
6571
7946
2420
6120
7439
2965
9733
8674
305
6808
9427
8056
5335
5266
4022
7543
8469
5688
3533
858
5658
3015
6817
929
3272
6531
4211
3312
6556
6798
1307
2147
8055
4275
2555
1870
6717
6094
4708
963
1529
1512
9343
2033
3231
9578
3411
197
3673
4098
801
6476
7526
7015
5539
126
7912
2244
5648
3532
1689
644
6649
7988
6284
1438
8635
1825
7507
8631
202
1023
3390
4128
3991
7675
5676
777
9988
614
488
1007
7210
3364
3601
3004
5302
862
6034
4996
9584
2685
6474
5929
636
3397
7441
4103
9136
3130
5342
6809
4873
1187
1172
2873
6078
5746
8167
1965
8112
5375
3711
5328
4676
9105
7792
7656
3779
5086
5356
5446
4969
6553
469
8881
325
5830
7290
4110
5655
3464
726
7143
9194
1719
1619
2609
1789
3045
9115
6306
6176
4794
3873
2187
7542
8596
9284
496
6640
9762
195
8543
993
7829
8998
7431
3814
3258
6744
6069
942
5759
8780
9391
5881
3495
6324
2498
2374
2298
6568
4804
8579
6700
6889
6576
8512
4109
1754
4907
2456
3757
2778
5939
6429
657
8064
736
4607
1354
9351
2198
3579
4167
5964
6926
7258
400
1258
1028
9192
2140
9204
4052
2901
6407
8379
2204
1197
52
1721
4482
2258
2818
724
1663
4534
6973
7709
363
9296
6939
1084
7096
2331
2960
4658
1
2111
2209
1516
610
4786
624
5507
9123
5283
9903
1522
9067
8336
5944
9418
6336
3822
5700
8915
5529
8840
5442
4947
4379
428
2877
5058
9016
5556
395
5416
6371
4974
7966
4733
2658
2166
6489
2709
5167
9951
6882
7999
7065
4711
7694
4673
4735
2158
5725
8281
7181
3522
242
8987
1697
7937
9318
5703
5518
6194
6307
4764
4755
1567
5959
3888
3748
1095
3525
3296
6195
6457
2101
8950
8991
6993
6570
6978
2571
7211
5414
7228
4745
9064
10
1654
2835
6565
3729
2521
5857
2121
6012
5723
8253
1528
1890
2105
1690
2322
2508
9203
2337
5429
6984
7235
1641
2495
7803
8406
7570
3465
6555
6039
8148
8823
3972
1127
2856
3212
1352
435
4480
5583
8897
3335
356
3346
6116
3452
5597
7092
7645
2260
4258
1377
9426
7508
172
2686
9725
9114
846
5800
508
6070
5682
7383
1371
1573
5727
5450
15
7044
3223
1254
8125
7177
937
2245
7465
4798
6898
5084
7666
5062
771
8964
9790
7401
9827
9724
6557
23
8041
3370
7300
330
2885
8039
6427
8057
4376
4572
5900
4712
7845
1861
8516
1269
9557
3508
2089
7288
5543
5790
5546
7514
9474
4490
8366
40
5892
4183
7038
7813
5738
6962
4591
4141
8669
9291
4488
9003
6348
914
9266
4684
5588
7279
6478
318
7858
5785
328
90
6716
7527
9590
7248
5164
6168
9315
6056
9464
7952
3776
5576
3093
9653
4599
5390
467
7241
5165
5630
7899
1915
8709
9185
7452
797
4538
1931
4014
2697
3233
9994
6891
2462
413
8261
2142
7987
4862
7576
2165
7506
241
3106
9904
4472
7964
9871
3359
1918
1431
7921
7925
12
4274
9534
9886
1696
4371
376
2009
8862
3659
4688
5267
3653
5073
2570
531
2640
6093
598
8166
4586
600
6055
7402
7494
1637
4922
177
3623
5810
3819
3917
1340
6903
6865
7206
7384
4940
1805
4967
2439
3087
5238
9594
4000
8134
696
1569
4714
9636
5982
559
3263
4809
3070
2864
1787
2333
787
1560
370
317
4008
7603
3248
4575
7306
4588
7730
7224
9093
6662
7379
878
3414
4601
4982
9483
4057
6014
4397
4019
9209
4694
6969
5182
8619
3443
339
4732
6066
4006
9768
3788
9141
2109
2953
3299
9461
5766
148
6790
8136
4232
8386
56
4092
9690
1514
7636
9005
3381
9019
1907
8892
9110
1534
9546
2922
4264
9694
180
7019
9385
2634
790
9313
1956
7660
5763
8932
9205
8696
5179
9664
8547
6671
8831
8290
3367
3885
7403
6006
3407
4914
5870
8331
1094
2559
3765
5087
4060
1799
1292
5216
5319
9766
6844
2308
6123
4112
8759
9961
5512
1972
7005
7634
3550
7635
5954
8817
4522
7910
1217
9863
1164
2112
7809
8291
5620
4494
6885
1582
3824
6345
5613
3836
1365
4375
2584
1874
5294
8997
4598
5462
1422
6986
764
1477
6543
751
3434
3758
9852
8349
5935
9403
6617
722
641
9742
9576
8426
9069
7877
9885
216
3371
9242
8954
9507
4540
6360
1854
6157
1366
1994
3876
5457
1032
9365
1483
3099
2646
1671
5247
8363
8493
2675
6363
313
6368
8160
6110
4198
7628
532
7761
6037
9969
9786
965
6628
4243
7876
5458
2214
4257
6352
2828
1515
3612
8673
5327
9043
7963
1819
8254
2689
2186
9293
8430
511
1674
5514
5919
5560
457
4965
8278
2271
6049
3257
3122
2593
2202
3973
7618
6113
677
650
7851
6651
9997
2016
2073
5902
6096
1181
9666
6326
6377
2302
2598
8636
6456
4117
9422
5496
9659
756
6393
2071
2135
4958
2768
8532
1065
7637
2264
2902
2356
5050
6878
1383
3693
1406
5611
3062
2358
4415
5046
8730
4876
7600
4184
8883
2210
6475
3858
5917
8407
7587
9227
1592
6760
2442
6544
9837
2281
3489
5840
4114
652
9387
7428
9034
5352
2852
7882
8849
7483
8262
6292
842
3221
8602
8328
7521
5170
383
6413
1214
1210
5220
2842
1103
2549
2734
4845
298
1824
8821
2526
9388
8923
3568
1151
2233
9877
3446
918
7629
9109
4252
1813
2094
8629
6650
5156
5979
2438
1198
5452
6991
2924
2084
86
6404
6846
7538
562
7740
418
4882
9996
740
7245
6854
2038
1621
3620
9880
5355
4615
8765
8448
2811
996
2757
1791
3197
680
2303
7764
206
6362
4200
8550
6713
1692
3806
140
5098
4477
134
2948
6479
7842
579
5401
7758
4457
7784
2739
634
9881
4643
6624
196
263
888
3771
6587
3005
643
6724
5520
8790
1779
97
2556
8712
8297
9278
848
4212
3537
8679
9078
7067
1807
2999
7456
8314
6184
9290
4702
2968
9272
17
6308
2478
7305
4010
1821
5535
876
1075
7205
698
2124
8211
8235
6125
5075
3530
4177
3835
1248
9295
8333
7304
9048
8667
4319
9632
8497
3918
7017
358
9589
5617
1580
9240
5280
9197
7590
1359
7250
3914
1457
7093
5077
4460
7330
5239
879
9154
7027
7727
2736
6745
3056
4533
6560
5209
2613
5016
8025
6412
2933
1593
8258
3980
7303
3150
1734
6338
9459
1099
5445
1699
3949
3193
9208
5847
1594
4033
6117
2353
199
5113
820
4943
4584
2423
521
8361
2820
2458
8770
920
4971
1949
9684
7898
1250
5754
6674
8893
7811
3268
3920
6391
6975
7723
9163
2406
4447
8255
4815
6190
262
9111
3852
1271
3730
63
7872
6494
776
9821
2939
1263
5318
8983
32
343
5946
6852
7816
7434
466
604
3745
135
9157
6388
4788
3880
7117
9108
3433
5420
4259
9945
2163
6233
3472
185
6585
6004
4992
1407
5057
1853
245
9692
5609
124
3502
574
3800
8356
9673
3810
2660
1055
9587
6526
9481
4402
2015
4981
6521
2744
1002
7010
3736
5775
3823
48
1226
3762
5306
4493
229
8670
4647
8643
5631
1444
1029
5945
5083
1571
2536
1010
9101
6542
7158
3663
9566
5534
8554
5081
433
4048
9470
2955
1004
1543
9188
2199
8395
2915
3139
1910
9963
6253
5573
3524
3884
9214
6656
96
9463
2468
8732
4333
6196
6875
7071
7902
288
7868
1533
9674
329
1988
5761
1201
9354
3649
5488
4063
6203
6365
5610
3044
4725
1227
8099
8347
658
5553
9857
3077
7657
1394
1523
1893
5770
3982
2156
5645
7895
3079
8138
1588
7032
389
9989
9186
2252
3345
7592
3837
42
3219
3927
1703
9482
4246
3712
5128
3451
2386
8589
7464
7945
2003
459
105
2268
9389
6936
6304
9586
9339
6469
3910
5004
109
5284
8525
8408
1906
5679
4387
1556
9455
528
7263
8394
7007
2504
1912
2727
5789
3638
3168
7747
7086
2075
9511
9286
3092
2984
5012
9289
6251
321
5417
9248
6963
9543
3445
7238
9384
3246
987
8190
5713
3513
3567
27
5903
497
8609
886
2172
686
1602
7338
7251
5295
4335
2263
5226
3866
2129
7575
2378
6265
9968
8149
7046
5509
1777
1733
3737
8854
4195
5333
4994
5347
2711
9228
5818
7133
2858
1446
1186
7112
8907
7215
3220
4620
1500
1809
7609
5263
8687
815
8087
4161
8590
4516
8582
9643
7759
8174
4541
8357
5190
8869
8656
9029
301
3615
6109
2217
3759
2872
7088
2416
1563
550
2414
8131
8856
9516
8952
8009
2153
5188
2861
443
7262
3160
4036
781
7866
5977
7246
2720
2232
1826
7614
1798
7281
4829
2183
8692
7836
1701
5076
3631
5832
8835
665
8740
7880
9502
718
2351
1240
7544
2614
9805
1546
6584
1137
6592
6506
6989
2389
818
1189
4570
2528
2907
2340
3689
2215
373
6133
7848
3136
5089
826
9568
9916
5361
8272
2168
1768
5195
6642
6432
7534
4455
6330
8793
3733
6582
5039
8867
2602
1078
4244
6992
1662
5162
9595
7039
5314
3473
2427
3448
2823
5184
8000
2798
5874
7022
9311
9347
4385
978
6178
1053
3033
7772
9164
2326
2799
3667
355
20
735
6681
5403
6162
2046
7095
3031
3809
3238
8789
5702
492
2108
6278
6213
7703
685
4756
3023
4337
4441
4900
9450
6334
1277
3010
5363
8647
4085
8585
7366
4554
6758
9342
9902
5192
5189
4609
39
5786
7783
8710
9014
9406
5157
9038
612
5862
7089
1829
3297
7317
2314
9382
3821
9856
9661
6883
1530
7398
7309
4933
6374
4944
8551
4449
7482
8530
8524
4369
9086
144
5859
7500
4410
2100
6768
367
9892
169
3186
700
1612
3396
7490
6533
8251
4558
4762
8084
6174
9541
3255
7564
8902
9519
819
2225
5009
6726
3861
616
5320
976
7202
1558
8259
5980
8178
3570
9836
374
6164
3738
6815
8183
3531
7223
5922
7356
7548
7048
2529
4164
7857
8727
385
4444
2825
5463
7405
8484
3153
1624
2292
5298
6480
5200
8474
3341
4884
6922
9834
9323
3439
2662
7922
1019
5291
6310
6534
791
9207
1215
1079
1728
4396
5207
4928
5989
4814
5926
9438
7127
4005
7828
1601
6333
8485
1905
5842
9134
3498
3571
1188
7523
645
8756
3734
4026
4190
9147
542
2451
5616
8133
194
1443
7969
3280
943
5430
4878
2610
1414
1895
3284
9785
9055
8513
9028
1212
6408
7113
692
9776
7055
5984
725
6081
5019
1578
8321
8706
2567
6343
7001
6500
3977
6604
5094
8344
2731
1934
3208
9620
6949
4074
3708
5036
6794
7244
6896
3061
9247
7344
9484
5744
4867
1929
3939
6812
8387
2827
25
6172
2441
4153
4175
4524
8265
6183
7207
3703
4462
7255
2363
8155
1677
850
9151
4825
5449
5516
537
9500
332
2465
8766
9040
7107
3751
9263
4641
9647
4028
2774
4871
6237
5203
5804
1555
1670
3028
7011
1610
8783
5787
6783
8797
8453
6129
1940
6358
6488
9939
8271
9721
9107
4671
585
3952
6836
7397
5074
1374
866
5079
9148
7293
4819
1157
5916
7310
9433
9529
2681
3184
2943
6062
631
5956
7146
3348
1778
402
2588
5837
3377
4442
2766
8581
7794
5100
1842
8767
4268
2161
2293
7551
4134
7843
278
9891
7367
607
6575
7192
7476
5774
1190
8764
9936
222
4614
6215
2803
436
7707
7484
3541
6483
4408
7336
6303
6887
7120
6467
2554
5863
7203
3482
713
899
1427
7503
6274
9873
9428
2208
8300
1803
8384
1425
8720
551
8158
7026
4404
9868
3922
5726
5510
936
1106
1983
930
7756
4316
5740
5571
3497
3117
8612
4841
6917
390
2377
6819
1812
2619
5056
3984
9822
8872
3269
9828
855
1112
3107
7198
8150
9317
426
6325
5680
5440
401
6641
8768
4667
6773
8197
4038
8016
3647
5831
6851
8121
4934
6966
7874
422
2415
264
5871
6018
3141
4352
9560
6193
1324
8828
4612
7261
8342
5891
4776
7917
2115
7418
4341
8130
4956
8072
1268
1776
5844
6806
1046
6106
2881
5662
7532
9665
8233
501
4861
1991
7598
8632
3753
9423
2213
1536
2434
8884
5351
3624
2890
8391
2371
6246
4896
4465
316
9718
1879
4171
1502
1143
3194
6805
5753
2996
6331
7962
5920
3162
7621
5499
1459
1233
9774
6871
730
8905
5289
945
9442
7516
7221
4471
3549
7755
8529
4133
9726
2641
481
4138
8488
7479
4627
5324
9883
1831
4652
1255
9833
539
1726
8868
4679
3484
8458
1630
280
7738
3961
4573
6290
8526
512
6754
7622
603
6535
7826
1953
9009
6618
6226
7693
9254
1815
7631
2667
9258
3170
7388
9008
8520
8302
4731
9436
3408
2696
1454
5187
9795
3617
1811
8899
5210
6072
1913
1337
5590
9397
9648
3206
2301
3200
5465
1864
2643
4721
9462
4559
6659
9182
3412
9341
8042
5256
4566
6271
2989
4562
9542
2795
7237
9775
4147
5143
1773
4818
3350
625
3049
7927
7752
8396
8937
9288
9454
9593
3281
3619
4851
951
977
5007
6787
9858
2041
7715
6858
7513
182
2151
252
8850
6825
1572
7579
5158
5561
7189
8534
701
6800
9605
5548
2093
709
2155
5803
5637
146
6425
3241
3196
8625
2728
2275
5666
7252
9702
5511
4528
9987
223
8144
5833
4863
2453
8637
1455
1167
8454
803
8330
8898
2692
6607
6465
3784
5698
9893
8071
91
5909
2085
8967
3477
7638
3575
832
2797
3128
3340
5198
1882
8022
4634
3938
3642
1762
681
2248
8451
9720
2251
6433
6953
1576
51
3592
7184
7698
8429
6082
762
5438
8689
5271
4100
9234
2830
9357
8661
7334
852
7786
8289
4857
6417
3967
3378
6997
1667
9052
7773
8181
7125
9947
462
875
9813
1899
118
4613
1603
8832
4411
8412
6083
9530
7799
9350
5718
1442
2067
5955
133
5006
9728
7329
4242
1613
2355
9855
7447
8035
364
46
8506
2036
3067
4069
6529
544
6063
6017
2049
6934
1322
5938
7863
3009
3183
2452
6734
9168
1727
9011
8839
9703
5566
9187
2065
4123
9310
9334
9001
4205
1986
4160
9932
3770
4086
8242
8906
4594
8713
9409
1168
8140
715
4953
9555
1759
7583
8549
9553
6373
3632
7571
7376
9551
8080
4046
8461
5665
1011
3151
3327
7512
3629
2863
6057
9918
8436
1957
1401
2737
656
1474
2628
1279
3803
244
1125
7774
6192
8598
9140
4104
3089
4421
3025
7209
1061
247
9513
4749
2449
3228
4483
8807
4061
4170
6493
2325
887
8503
207
8212
9319
9471
1960
4234
2369
3488
1385
5781
630
183
2564
4370
5358
5130
3815
7547
7474
8651
5357
1350
9079
8565
2395
4963
6311
8266
4031
5691
2463
5116
8065
211
545
6593
4050
4860
2531
869
83
8120
3909
9321
3940
4687
4329
485
7341
2551
9623
613
9480
5381
6795
2649
841
494
8059
1738
1017
7459
8032
4670
1750
5931
2012
3956
8063
7934
2522
4393
3813
7276
3226
8187
9031
8061
6601
1230
4782
5575
5386
5485
6691
4931
4126
7982
1267
530
8015
944
1348
992
3538
5024
1684
9084
3021
2800
1774
1975
6282
8043
4412
2993
2421
9629
4696
9760
1713
8310
2581
9907
7976
2618
5109
1632
721
5025
4779
765
6101
2472
4339
6241
8093
300
5704
849
7642
7984
1036
7348
8225
4157
4858
8851
1810
6060
6884
5034
1702
4738
8139
5433
9070
9326
773
1096
7901
7080
4201
8527
2790
4781
5623
1008
8105
7776
1527
9479
3386
4655
5037
3039
617
3282
6711
7977
7239
2740
4137
6834
4003
58
809
3605
3511
9993
653
1758
9799
7347
5550
7461
7320
1917
5849
8405
4400
3697
4899
5752
2527
5400
2091
8217
4638
7593
7537
5745
807
1068
9660
3416
2398
5584
2197
827
8502
4139
4889
5389
2120
3897
2191
3943
2404
4544
3517
4044
3187
6950
1234
1896
8746
3480
9015
1868
6527
3581
923
275
291
1211
1997
5245
5181
5878
917
7183
403
1387
5111
2684
5222
786
1147
1448
5506
3716
4484
3063
483
1145
9959
2098
2732
9504
4916
8853
5478
3311
2035
2346
2909
5070
8810
487
8515
9896
4823
3797
273
2824
6763
6406
9285
9533
7835
8298
3916
2249
2488
9392
8758
4539
4831
9376
817
253
520
6187
2959
2985
4486
4213
322
8677
8239
4015
8324
2025
6059
6771
1031
8425
5141
8922
7477
5952
320
7256
2595
8308
2339
2578
8966
5545
6145
7087
1439
5728
8030
3494
5121
9202
6737
7488
2511
7563
2874
666
8562
9687
6968
6198
3125
7777
4192
7360
9394
2162
1249
3694
1609
864
5739
9449
5880
309
6655
7311
8675
812
6895
1660
1330
2932
5501
2650
2008
9759
9144
591
6738
7301
9964
8446
5215
1941
1471
6131
8260
5020
9811
138
1480
1134
6036
8539
8462
7919
2432
451
6682
3660
2951
8231
4920
4233
7021
7328
5838
7833
7023
9
7057
7194
2794
2729
9750
5782
1827
7274
7108
8538
3850
3705
1852
292
851
2247
7560
6566
60
8803
233
6035
8270
1785
7208
3180
3000
344
5941
717
9097
7129
3121
526
1252
9370
5732
9701
9812
6169
1333
5792
1382
4987
3198
7287
7798
3781
7935
6517
4836
6657
723
8518
6287
399
4954
9076
4530
2491
8666
9189
1797
2642
9080
9364
4311
8419
7955
284
673
9698
303
1666
1361
3573
748
7682
6268
1679
7478
2318
4390
269
931
396
3859
1301
4937
9420
3574
76
7354
2748
4991
2747
8522
1239
171
203
7442
2039
2002
8659
250
2620
9162
8437
5415
7324
7449
1880
1139
6000
6706
3027
7074
2474
5230
5851
3035
4479
7410
4099
4872
7327
1599
5021
4844
8058
8129
5765
5577
2566
1764
5504
9669
9818
8858
7822
1782
6822
2843
4011
3142
8486
932
2133
7275
189
8961
3308
9711
212
3202
9602
3546
7716
7588
9145
8341
2815
5423
3905
2532
7913
5177
9010
8890
2850
2561
3457
7896
2608
1228
9689
54
5321
6276
6053
3671
7633
2970
893
1888
3034
9430
1766
7990
9879
437
7204
689
3278
1551
7511
4817
6462
1700
36
9540
1820
672
593
1274
4797
8081
7661
5885
1489
3544
895
2537
6264
3353
251
2179
9745
2530
3178
1275
8947
5605
2164
7710
2332
2064
1467
9741
5085
9962
168
2607
6715
7933
8117
2663
9804
446
131
9941
4150
6918
4730
4877
6451
3145
4806
5697
50
2923
5060
5912
972
622
7053
3288
5242
6580
1393
2079
3912
2380
577
5660
8878
4079
4653
1974
6138
6107
3113
6589
6802
1475
6080
6312
3763
1998
697
8456
3101
5505
2796
7409
7601
5486
2497
6780
1088
4744
5264
1318
2176
6293
8586
5531
7445
3060
5244
6573
8189
2771
7247
427
149
7972
8180
9281
127
525
5663
61
760
2387
5896
2743
2751
5383
8842
9809
4107
7014
2188
5741
3147
1938
9995
6732
1952
728
9448
9012
9577
7594
2896
7554
989
7670
4545
6321
5011
5102
4027
9966
8083
3110
661
1765
6349
7599
2083
2724
361
4020
3072
4905
6897
8085
9279
3129
8141
9990
4915
8423
9316
2341
150
7142
5459
5998
2669
4230
7923
4445
8724
8374
6471
347
5436
7429
6244
5040
3449
6943
3975
6315
3637
9710
8153
7832
5914
8949
5736
8335
4299
7314
1717
4975
4346
2299
1253
8301
8068
5399
2814
9562
8010
9121
3657
9269
3600
2487
4458
1284
6202
9592
4960
41
3714
5567
4593
6134
5758
7664
4847
2552
1843
1878
221
6355
2051
9738
5175
3856
236
4799
8152
6722
5229
6044
1257
6725
163
659
3504
6201
359
5925
6774
9486
409
8622
9564
170
1863
1089
2486
3074
5555
8711
1909
4176
805
1185
5029
8371
6301
5095
7550
3787
2603
4188
4849
1708
5568
7166
7460
3001
3664
7970
4362
7128
2809
3154
2119
8052
1244
5522
2750
4229
4127
7047
2440
2047
1570
8698
7094
5585
7706
4856
4626
5392
9099
3795
5805
2931
4525
4209
5202
3857
2512
2648
800
5023
267
5269
5647
5735
5958
5678
6143
7422
8267
6864
2336
3164
8668
2243
104
9732
2661
3510
1302
9638
5498
2011
8392
8186
5973
7824
9283
7711
5382
2690
2730
2622
290
6257
6191
9685
9706
5196
7035
3075
2891
9976
3728
2558
3801
6126
6622
9793
1916
5136
1202
9946
2789
6231
1532
3459
5693
1946
6920
6389
6295
5508
3146
5762
1025
9923
9165
1006
5711
3636
9615
7335
3149
3867
6838
7591
2173
8561
4446
9276
7420
1761
1583
7820
73
4890
4753
4853
4066
5171
7524
9597
6684
1092
8563
6987
8542
5582
5646
2117
7768
2802
217
6147
9066
44
1848
9022
1985
4865
669
8796
5967
7712
9898
1363
8219
8795
2001
6879
7796
4893
8802
22
5975
5901
4151
3337
5110
8147
4277
9667
84
175
5815
1208
3842
7214
5513
3621
9233
2379
4270
7651
4690
9845
1951
4426
93
3864
1140
6163
1845
2070
2713
6175
7116
8060
2040
5288
9973
3385
8557
774
1343
5053
55
7697
5368
5737
6874
1846
8956
7135
7865
2973
80
640
961
2054
7453
6027
6309
2756
8033
870
5733
4654
2741
5904
3132
9913
1804
4722
7924
6350
8699
8007
315
2365
3245
447
597
5201
7051
4611
9307
9120
8824
5771
1286
5966
9373
2052
8995
4356
2769
2226
4550
6679
4552
2807
4002
6339
6075
9761
856
4271
9457
2461
8618
405
7296
7859
8277
2563
8177
2626
9609
3349
7751
2412
4359
7750
8776
9239
1218
5254
8866
2279
9398
3205
1369
4159
5619
463
6160
6645
6022
3611
5231
1378
3937
277
1914
9915
5994
588
2261
9292
6668
4736
1629
6074
947
8693
1308
5424
1225
9642
9174
5422
261
509
3994
6999
3413
985
9362
1752
9715
3425
3313
266
9087
4972
3626
6634
4998
4082
3505
2992
6937
9096
4648
6431
9841
2782
142
2687
8339
8836
4365
1978
2897
2403
3232
4053
8431
1977
387
3159
3950
7179
2722
7475
7668
9081
676
7713
4361
2725
4513
3490
1646
9393
2755
4363
4582
9933
9249
8999
2000
106
847
1756
5456
8403
7888
4024
9335
7942
8885
4631
9156
667
3572
5307
2348
6709
7943
1837
6416
6596
272
5824
8200
9980
2772
3926
8223
9472
3934
7103
5059
2381
903
2114
7016
5853
4567
2150
8972
3461
1568
3213
8313
7075
6708
3964
2014
2913
6951
3944
5907
8763
7353
6705
7734
4413
953
8833
995
9308
7249
1605
6548
3185
18
2149
6843
4321
1520
2763
9867
1771
7377
699
165
5345
2694
6424
831
8521
6472
1432
6983
4691
116
9603
6280
8778
7852
6392
85
9875
4822
4208
6503
7126
5341
4097
4821
6496
4269
9900
7801
1101
7199
5387
8322
1287
5248
9797
6907
2446
7421
3677
4603
9331
7616
1705
3038
8911
9912
228
8416
4440
1937
6892
6890
954
9627
3543
499
975
9878
2625
3514
592
6435
9033
107
1037
6170
37
7841
3008
5942
2154
6563
1119
7926
6901
5365
3356
3020
5968
9910
6960
4964
4619
7030
3715
9485
6775
1041
5524
6646
1658
873
4241
3435
3013
5443
472
8837
5126
4372
6382
7869
5120
5426
601
6092
9825
4388
7485
5273
1353
881
4752
6561
5602
8822
3320
9106
2860
431
1245
3760
5910
3872
7941
6114
6913
4515
2883
3042
9650
5930
7567
6182
7961
3314
7689
2017
9604
7
6608
8421
5135
9135
3582
3555
8108
9717
7298
4093
4505
8555
4012
6033
7061
3700
1175
6952
7294
1222
1309
8036
4320
1584
3046
8218
4906
408
1618
9872
8697
9372
2876
2787
6925
891
5731
4574
8685
1298
4531
1950
8739
9304
6130
1158
6820
6328
8269
7222
4292
7349
1009
2693
9676
2349
7342
4624
4842
7763
7284
6910
8282
5869
6666
6998
2102
8655
1808
3707
533
6031
7705
9177
5067
6788
4115
4065
9934
1060
3116
7368
484
5883
4500
7939
695
1491
8116
8111
7515
949
7114
2143
2550
8123
7950
129
8894
4054
218
7041
7370
1207
4692
1647
7069
1436
3696
3882
151
3662
3593
7724
811
5161
4542
4662
3384
7748
784
1054
6868
156
772
5461
333
143
6610
176
6789
3266
9225
3119
4720
5995
9302
5866
3644
1347
5701
3047
5796
8773
9412
9431
4172
7785
522
4463
2460
6776
9138
2752
7176
8246
4273
4166
6379
2971
1047
8857
6381
4173
3261
3355
4771
2601
8912
9169
2181
4350
4468
8012
4948
1508
7582
6423
6003
9753
7572
3742
4903
1090
5487
4621
6932
2443
4029
3633
9046
7076
983
5557
6781
4514
5124
6436
3073
1066
4801
4030
8774
602
5482
5255
8398
3500
7565
1456
4548
5772
9416
9985
9991
9746
4935
1176
2144
6206
2804
2429
7200
1020
8273
4070
6813
924
8490
4075
2952
1426
388
285
7702
9092
4938
1261
529
1564
8434
3936
4382
5594
3596
5625
5820
2565
8978
357
1243
4349
5578
2775
1429
5469
3740
2304
8738
4284
2057
6872
566
8775
