1000
810
151
684
854
427
578
945
50
15
961
24
133
840
137
969
434
523
327
628
558
622
386
881
714
758
819
334
243
266
194
506
468
524
198
47
494
661
259
255
462
248
60
210
867
313
529
437
575
41
316
85
824
923
761
56
983
581
823
20
470
276
450
207
163
822
540
573
550
154
340
890
598
866
687
26
900
874
331
473
381
176
978
821
44
252
625
444
37
283
440
928
288
742
641
678
829
363
760
178
710
603
368
913
189
595
307
845
234
366
345
896
420
668
646
738
792
297
876
546
430
754
778
837
509
408
745
587
815
554
209
2
537
743
231
38
549
781
982
220
692
776
987
768
281
759
204
643
12
422
197
673
263
46
656
689
704
868
984
830
775
1
192
724
169
842
10
71
403
86
717
879
144
907
764
106
274
390
380
435
899
875
465
193
706
63
880
564
407
922
791
502
456
115
247
795
62
298
14
677
751
862
614
257
233
480
650
858
572
392
752
95
662
721
901
921
423
621
708
991
697
903
431
485
476
149
963
384
527
65
597
844
965
870
442
156
766
995
990
123
637
227
134
489
40
83
175
72
521
375
497
387
346
269
974
183
740
857
851
520
439
458
100
185
305
161
300
421
544
76
77
51
367
126
496
61
289
519
166
155
171
30
94
236
813
359
794
88
534
35
716
441
904
116
802
436
216
694
747
19
128
659
28
947
265
112
669
972
22
980
217
299
576
632
651
971
593
18
53
342
909
438
238
722
952
184
319
222
415
31
245
718
284
379
707
930
323
804
588
648
711
278
34
447
162
405
333
655
445
268
631
701
723
514
240
654
623
273
782
610
218
602
412
962
293
443
615
343
770
630
374
767
109
569
315
478
409
501
54
249
814
753
510
556
277
624
117
956
75
202
663
310
196
102
882
295
5
500
3
339
389
89
698
449
475
190
856
959
292
989
446
459
148
516
246
55
280
981
784
732
690
451
834
432
164
418
73
370
525
715
484
332
67
763
228
977
275
948
591
495
790
892
552
410
33
460
757
932
79
338
744
39
141
140
336
681
693
968
664
531
78
999
325
924
505
608
352
911
244
419
428
168
933
285
653
864
565
25
97
455
32
515
954
927
29
425
620
142
180
582
111
188
542
167
513
789
538
232
242
964
503
832
174
568
294
720
736
213
683
376
666
416
626
136
853
676
499
671
729
940
391
973
533
783
596
672
48
937
634
287
577
186
808
138
695
915
985
642
120
394
493
590
312
805
872
934
1000
665
264
843
850
492
324
467
820
944
920
580
201
793
159
52
562
836
860
396
645
369
504
617
605
290
347
574
286
395
966
592
402
686
769
809
545
150
131
393
511
114
173
203
490
541
585
950
713
557
998
970
253
888
93
560
84
660
483
322
223
464
122
219
861
69
398
730
17
849
90
212
256
23
107
579
935
657
224
910
895
799
251
229
886
712
601
177
925
302
125
344
786
639
807
356
321
567
341
121
852
734
87
361
606
841
371
833
317
80
796
105
68
918
258
594
553
146
8
469
865
147
906
182
816
318
335
926
958
406
727
135
563
254
877
382
801
566
803
670
45
548
826
571
667
748
365
58
893
448
600
543
487
388
604
486
512
81
397
119
518
633
539
756
59
271
831
691
463
912
887
586
215
304
946
517
755
471
70
383
859
66
314
905
613
348
725
869
938
936
337
145
994
818
788
42
27
326
951
360
104
638
699
411
688
976
296
21
960
353
272
230
967
57
351
616
373
522
551
211
817
96
491
143
975
780
152
261
214
355
328
812
702
401
399
992
838
330
979
36
507
917
481
153
741
157
709
49
74
897
424
609
855
98
260
303
931
301
357
103
477
939
942
827
4
43
306
806
101
132
914
187
733
599
358
700
685
828
798
993
6
619
589
108
894
785
526
250
241
199
584
561
787
949
847
873
607
674
417
482
221
779
773
811
160
640
225
267
636
354
919
426
846
839
165
179
889
750
583
400
429
158
118
863
988
986
647
279
957
461
282
291
644
350
658
777
170
705
536
871
649
528
800
878
555
902
884
771
488
11
92
309
139
908
262
466
474
679
372
208
611
772
113
898
498
235
570
191
308
453
835
124
728
774
941
91
675
618
385
739
129
320
377
378
635
16
955
7
457
181
532
205
127
206
13
452
929
652
682
629
749
200
172
735
226
454
627
472
953
825
237
479
82
362
916
64
9
612
349
848
404
130
797
329
99
508
696
703
547
883
943
765
680
885
997
414
413
110
239
311
746
535
891
762
364
270
726
719
195
731
530
559
996
737
433
