2000
1493016
4608677
2264278
8967115
3367920
7870747
6466931
1673515
1047129
6496198
3345660
8073060
4952321
4987273
6640333
7210352
6722617
6011572
7508994
6598365
3397217
3445000
5350121
597800
7190806
5727630
7867063
8915196
3454365
74385
1315170
6268789
818852
4494691
5207766
3330704
8610109
492058
1755616
2852022
474034
797825
1766188
7775623
8299510
7963149
7710051
8247604
3566998
1967668
1361190
4967408
7920152
7414918
661683
9888465
39331
3832623
3233924
9484989
3867529
3782752
4323495
8388739
6605219
4300535
8703235
5472410
422734
3422598
1433263
1984528
4399424
5343364
5067846
4471728
4732723
1132388
7020321
9469498
7158844
7397242
7765264
2417431
3600546
5949154
1315834
4657758
5079860
2619203
5483931
3268199
2453737
6568492
9230339
4978406
3952420
5433882
681111
5581668
4147253
9915494
4631440
9470866
4304009
5034324
6413724
6796873
6388963
4826451
4499065
5721499
2344916
8599563
9987803
6074186
4203994
5231822
1017078
6734595
8561099
3574812
8531322
630462
3029955
2741160
97610
6938166
1245217
3594235
2762303
6282223
6571632
8302826
3675154
6725693
357629
6657641
7511358
5006857
985122
8203831
4162169
7177673
1208582
3085314
1415359
174605
9402106
3570591
9798384
9472923
2456864
3538359
2801966
1556117
4798321
4685116
6229500
8476562
8572649
6812491
8582515
2887490
6737302
4047816
7248505
44925
598209
4681057
9613099
2646448
233893
8885476
4628024
7804439
6121275
7420401
5402816
9339382
8113204
3965248
8543155
8051483
8032218
4003894
6542718
7003654
8520128
3823156
9303487
8828740
6057444
848620
5662667
5219722
4553653
3389462
4083698
952595
3585275
5522645
5059556
2732691
9482835
5486187
3010149
2593593
1210237
9575510
2159680
1995487
6648046
2721761
2009647
8851610
7431061
1677706
7010809
9889588
4260345
3616136
5854218
6589729
2803465
9022200
3261538
8984378
2054914
7779361
3832592
1405442
9785761
6027134
2307218
8396231
9853714
4566762
7594263
8010364
7276289
3129335
7604270
5793570
978152
6153989
3367177
8281206
1323838
807948
2940728
9143167
4587592
9237896
1723292
6737885
4268296
2640873
8346003
8811666
6501522
1727196
6143254
332187
7256155
1885719
8544464
6165018
9922173
736039
7140698
5280706
164642
7813123
7079976
3536886
1069132
6589062
2225941
2652053
6847555
5456551
9246682
9375488
1057636
7770447
2663266
1317609
7120274
2964600
1738769
7695606
3163185
4737243
6412683
4958538
8771044
6837300
3599099
6071942
249063
736875
8260685
7583230
408854
7037847
6522764
5961225
7172805
281670
657357
9839583
2201665
6399753
6587149
9661990
4580608
291059
369218
9417632
1172204
6295506
410489
4953939
4230266
7881234
848738
7114547
101115
5952344
5021519
942301
576881
2333909
9950762
3708900
2124283
2284447
8614814
9593331
3064556
9067179
3601846
4502040
912273
725106
6356216
3622560
7755475
7058672
2964671
9359027
7794777
1953131
7665295
2548477
7992325
9654926
9018512
6228507
6853248
3806745
9437888
6017137
4579895
3945198
3014081
4479248
5248916
1075106
2097312
8858943
1204013
1819850
9681800
5372117
706566
668936
6751273
3582613
8414800
5635070
304999
2302809
8570971
6794852
6543704
858479
5561626
9041849
5940878
2818578
9726932
7323883
4393055
6029846
9176232
1859517
4522136
2237845
5896216
1065451
1455572
8324447
6510243
5281867
3441656
7608995
6190176
5819381
8134541
1028820
450753
427803
2183083
6760673
1443714
5298883
5793048
7969227
8381391
9921030
2502948
109337
93130
9731973
5358110
5718039
1611849
728124
4908546
1463980
7367920
3335492
9825335
3697870
3658901
3113672
6893719
5680911
4887493
3679535
9688583
2660812
3912748
2735628
9519183
9229676
4378336
2523928
7933709
128021
1430668
9194125
2720871
3597199
2085934
5230609
497308
3333043
6090605
6176331
5886757
7879381
6870693
9962696
8164116
3910144
1377576
9502908
140556
5523905
1334581
2131871
4278836
1588198
6134432
7199572
5288089
6518825
5374532
8398752
9277534
4086804
1410451
7887108
1510608
9027870
1190164
9646786
6993870
8411102
3498146
2064780
7809936
100706
8987444
8909300
2578172
9408307
6052841
9969086
5606245
9189540
4134690
1543385
1129606
2761237
9322510
9646854
6794643
2781926
2402631
5125842
5292518
5607659
7198114
9308992
2577627
5623834
9321428
6044924
9241009
7790288
2798401
4949022
3782279
9851790
2839919
9332263
2146105
6864774
8024660
2402132
4008437
1702667
9165320
5657171
8312844
2058867
2136414
7502730
9627565
8087088
170508
3461073
5425484
4715392
9537691
7191613
8748157
7401102
2493069
6785159
3657268
9864682
9134415
4757565
8148762
3471387
8588332
1235513
9667995
6335851
6714798
4905085
3388918
1216166
4840126
1596526
1111618
5210099
3033964
2798650
5796744
7562356
5845999
2994736
5305964
9327884
1678327
1638637
8781742
302487
9653834
4243281
4079712
1148414
4519910
6947164
9918740
3476941
6217294
6707484
8869477
5236268
9977752
4927258
6028467
3883870
1651085
4475732
1186970
5354691
9934790
8292852
3290533
857935
894995
3049712
5163157
71375
3143070
8347198
4652353
8249444
4348506
6290817
9352091
7638391
7901546
3896971
2322521
5376900
1387465
3754624
6081752
7049703
8962441
6749237
5737627
4339685
6109822
772291
4399844
8300628
1732901
5949561
4578608
1130013
5515634
4924199
1666835
3628214
8953908
1559855
4182713
8322151
301225
3904210
6212476
88168
8206233
6090902
7352571
3389818
4154895
5333734
9706215
1298260
7656607
7572909
3281784
9142030
2653807
909651
4961479
4403404
1513350
5624060
50548
1831778
7027621
749810
8644781
462245
8017025
1505406
5098137
8947226
4905563
4388335
6815815
4243445
6493206
7362353
8151993
5911223
2413587
7602762
4088578
8004952
8414981
1592277
6086646
1157170
7291113
1153366
5589615
4608230
7303746
2226696
2099740
2033241
8254983
8106147
490682
6095083
5044069
5954469
6658620
4305817
9301533
7103489
3189167
787235
1996682
8172919
2040921
4256841
3762627
9482511
7797841
7709995
3932810
1062264
8690439
194617
1267191
4418312
3016062
1378929
6319946
9329327
6940900
4194852
268931
2307671
7635368
4626613
6473784
9411089
8148176
5733419
9433704
9867391
4954586
740177
8353590
2807434
5200674
6502802
9059133
3855596
2338330
2185413
3256042
2678221
597280
8776978
3310415
7766449
596916
937142
3082153
640001
5078587
9409382
7418243
517784
2913416
8687554
4307972
9607339
4718202
8074779
1562798
2522074
260345
7874109
6628259
8669484
6195244
1658906
2782315
7786155
2281606
6638320
1519790
1379227
6606997
1334846
2674757
9095668
5309415
9551551
6644225
551069
8186017
1343840
5727659
1967238
828099
9629237
1386639
5140857
9742713
5591728
5759941
414033
5516106
9661983
9961395
8667416
8218045
6846481
521893
2802284
4116783
320589
9793121
8333073
7091046
8878083
8629924
8986557
6000450
1364947
7423694
8348005
9524267
1085177
8180959
5762880
8073029
7443519
1982701
3686827
6136441
2104697
2315467
8501641
20749
4316866
9333588
7843664
9126291
9216753
398819
744251
7684775
565774
2105636
2080302
4426344
2170305
2068778
5039515
2991052
2467316
3688072
9414202
4870839
6817879
9637876
2451997
8549936
4909116
1693558
5591975
6993826
4109252
8745163
9291778
8577960
2586556
743154
6460926
8394798
4306312
998902
2498495
5521595
7310952
5871904
2982325
5136785
739914
1640879
7632841
8146009
8582883
6581444
9995092
2985471
9724370
2625005
3247888
219207
5119462
9159282
4684938
2207390
6825660
1890292
6881423
3352199
7443567
2401974
7223577
488391
6290565
9032487
5595515
7867673
8526176
914729
5121934
9651355
3373089
4401038
9050183
9725121
4818458
3334262
9397898
6881992
9769098
296425
2380232
51656
2832678
909515
4519710
2194271
2845029
5585904
5433809
8646911
7867446
9077120
5892174
9572008
3725333
6787640
5694236
478075
5486861
1486687
142280
1270454
9167648
9618490
2426484
3925797
2060518
8934663
2389163
6077223
1792828
407424
3272137
5051840
9778695
2972988
2226789
4874842
7727063
7733850
1093446
9430023
217382
6330394
8849427
2206103
360093
5251126
6157154
546767
4379712
2372291
7959452
3211320
428781
1753326
9179888
7630251
9653943
6481475
1296152
9272952
5547621
8791868
8464745
5663133
7942794
7758595
5975913
2072560
915349
5294345
9952796
8466859
5155592
7817983
2959280
8633574
6593010
9064059
9567208
6764148
2540562
658809
1055063
4063529
6301336
7332958
7235639
7327808
4049436
5742078
1491496
3100240
5756336
7440434
4480254
8205591
7494297
8423763
4994201
4756504
5496371
5968939
532497
1518653
866484
6767777
6551567
2858779
7044386
8671884
9573650
2541985
5568943
7156708
8172319
2768164
7690023
2410327
9522242
4176017
1462048
1971308
1645019
4732368
234688
7387742
5931446
6046705
1338426
2266261
6907614
9410890
2940453
3608009
2022414
8001347
6163942
7304624
8489487
5160250
5468250
2672181
7104302
159826
9133352
3955974
3128511
9306968
5513330
1672405
1959189
8510876
9842590
6333844
192110
6068628
90546
6470317
4162037
2808580
7267701
8182457
6695563
3971686
1200584
3685899
9690928
8347309
8505686
4602176
2735414
1453635
9565286
154398
8786613
3538663
1512341
4393610
7149031
6502007
2159608
2780057
1174618
2785944
711022
5473464
6730467
3288584
4992085
8985471
4420556
7855279
3084636
3667237
8259292
47158
4535735
880983
8396116
1424101
6027291
5840429
5573250
4096351
6807197
1615325
3936291
6842769
1235303
8087473
5339461
7160869
5519771
8788336
7337592
8871799
672210
8511493
363690
2255247
5683544
4380339
7384669
3839260
6953718
832236
9349604
1746118
5031641
6056543
6127874
6183254
9253384
7486466
6350805
6460889
9389482
9757836
3874966
2325958
9173424
4705784
226363
1542797
8021400
6137521
3246685
8521376
6560682
1069671
8093964
144981
2466859
3925271
5495812
7469906
6652586
5342609
3747244
1444021
5736496
980253
8675472
2311136
8290832
6565397
3654353
7333846
1737690
2496932
7154918
7387002
9622106
3636467
3213549
4202778
2439952
1848576
6035238
4923442
5691718
6289821
6163374
2334636
9037476
9837147
2955298
7237150
5373956
2860607
3084877
6537090
83210
1657637
5153388
829491
8905890
5687904
2463841
6590116
4812532
6712334
7756546
7270586
7959007
5343792
1733865
1960179
607723
911073
1435582
6262242
1039568
2969418
9172914
3002581
6887995
7286939
2451055
2110482
3399677
5103462
7214267
373493
843174
1711315
4166779
2692724
4285660
9673307
6626556
268534
1553439
7292058
3697182
5151012
8815555
3421225
2460130
3944277
4759221
6243556
3827295
3011237
4138041
451393
336180
4841658
9605111
1489081
6269780
299580
8127895
5942364
7989041
8189287
8120255
6354090
8867976
4340031
2780146
2407658
9740996
491697
1035311
3845741
1440362
5931344
8952767
7379916
9480499
5031827
951004
548228
9224874
5441595
2727380
441105
754500
7167352
17820
4849454
7975839
2748305
3479562
310291
1968384
4079289
8423384
6070612
4077216
8365454
8641310
5434413
7791574
2492561
196883
8948962
2154995
9105644
9958501
2239852
4974702
780716
9176669
7153726
1853426
53090
9942579
2939634
8663152
4602960
7929373
7761624
5516705
8508637
6672594
9696509
2625434
6224587
9482732
2616846
7206950
2140742
1325878
7039712
8307627
6713977
5679372
7249549
923911
2439585
5286422
9698722
1387337
527794
5066960
5225491
2928097
8253099
8313889
8702857
302428
8006348
5776168
9576365
7501174
4651964
4551050
7598076
9208241
7688841
5352519
905557
7366812
8853847
541709
6989551
6629482
8990298
4289049
5555826
4146112
2961270
2593259
4829038
944591
7656105
4106878
1232864
8712832
1366895
2672728
8859750
5437538
530677
4098555
3693891
9361536
8852116
583659
9254883
7119671
3300045
5139109
2731401
5471970
8035682
4908837
1647765
8535468
5383810
9250986
5268571
6472474
7576286
9098891
9731247
2475076
7051156
9227758
4094087
7230965
5226575
9329736
7802852
8326456
9715040
6758097
7724561
103397
2931576
5498918
1262071
4906685
5725754
3621773
504635
9728013
82531
1685298
1435926
3372963
5823244
6939397
2341296
514211
3282257
526127
3401890
7235806
5631710
272856
7650626
2775694
3461387
7479802
5195280
3988517
3136250
512312
7562157
7597240
5756303
4215450
3047789
4093059
2652336
6788796
1347773
5791310
2912007
9714981
875015
2345406
6526302
1189883
2039618
8551020
7651255
555544
449678
6784956
1588697
618127
3045067
7351411
406953
9627090
5715306
8216704
4593650
5488077
6551570
2585251
4195852
2547145
3510372
927821
6673866
9245628
664372
7847789
3107760
8352192
8435545
4614177
3912283
4703166
6447330
947288
3733342
6869238
724013
5866993
4401628
4468439
7416002
5095465
9401156
8440762
3939836
6030995
5487505
4506515
444326
7388650
5345574
9828401
406145
5117679
1211294
2956871
2650705
1768706
5010658
6748642
4798879
6232794
254462
1673989
8050029
9187788
905393
6319804
1250487
6341570
5006142
6941943
7593997
6426275
1533005
8790253
9323236
6194071
4985944
7048654
8548596
5288444
2870598
3338080
4687981
9685370
5038845
4306424
2198611
8037956
8378112
9442517
7796373
6213292
7702688
1366539
3712691
8077489
6426851
1368782
2183506
3723759
3290942
950081
535900
107722
2961827
7807751
7674441
3434557
8442050
2060429
1082531
5598152
674176
9664182
6930117
3238928
7612042
3851411
476401
8202772
8860283
7854695
2448845
7575289
1550022
6174255
8821431
7839581
5142257
1805980
5383055
8262307
6291020
2630991
1625123
5971878
2635111
1621207
7056874
729563
5884613
3867619
1247569
3355456
9361073
5730074
5618947
6504652
6305294
8962022
6219442
2937822
3318596
2897299
9407266
2174545
128512
4158204
484798
4670294
8858758
8896189
2569181
3878863
278839
4008101
1089188
4844536
6726873
7728070
9154278
3118362
6434279
2859121
6284040
631842
7289350
3084642
4021589
7281988
4087447
6901572
8239284
2648972
9708467
3642137
7662414
8746238
8115271
8829715
5287845
7254756
6037145
2315656
3301145
8048087
4094870
3545582
6220511
9530067
1573456
1655443
8274625
1004594
4120791
2667961
3043093
6672781
7355135
4669642
4462783
8693867
1001284
2003255
7230678
4657261
7214161
8518604
9658870
9102549
1139173
7266561
5322479
9823130
820872
6737710
7277000
5772404
1385756
7626391
361592
5762186
4866824
6675447
2825735
3980133
7090379
1894449
3768571
5502342
9572947
9262104
2016620
3424141
6561141
1062617
1996066
474978
6808855
8394042
1209306
7036083
4787803
2198383
2555831
6137224
4226039
5581543
6376457
3748100
5298577
551625
4915407
4783494
4475013
9931489
26509
4193511
6140901
9572704
351088
2996582
7181788
9146585
3712143
4574534
1624408
2636154
8555518
814223
4036926
4370904
6509055
689371
7843598
3360063
762297
1438681
7490501
3688754
2440600
7481946
4893463
2023065
8029576
5580491
5425405
520591
7811233
5656815
959385
7672439
464884
5971130
778283
8080066
7051920
1500907
1570109
3627204
7139854
7762754
4831581
6085385
9532739
9264392
1689845
2550703
9663802
5399979
7307034
3054915
2043611
3439485
6874246
865038
4108433
7923791
2033474
8779925
6420506
8931214
5102877
5806880
8502996
2144
8073787
7860896
4821164
7387359
8252825
1259442
5686262
229352
9408139
9271363
9503138
8743393
4932327
3993020
6014985
9794594
4886832
7172503
4833928
938072
4498662
1213369
4205644
3155420
5345929
115200
9163782
4720685
2896012
5724915
4336002
4884393
3144889
5376207
9260723
9817090
6820348
8059761
8140032
4665487
6084115
4589226
9305197
842280
5200521
9035775
8318471
622735
922992
2090034
7917410
5263485
1582668
1144770
1922007
8987210
7392389
9129586
5893986
2007408
883894
7812591
6693574
2213405
5623629
1391724
6648741
7998973
6636657
2215008
1769761
8014388
2015693
1609165
7835841
7186295
8762535
1820386
2857667
3075651
3444879
7012110
5607813
1365616
8920556
4014485
9273085
3227203
2646422
5465929
5291520
627955
3100284
3731188
4624966
7619171
1401410
6497068
726577
8730673
6913083
3843253
3907500
8409175
9235284
2311161
1285617
3155409
7204569
4507719
554925
4809731
9692598
6382755
1882470
9157220
7366831
5122054
9204840
6478621
9879700
8938339
251399
3582308
4525964
4218414
5483222
4204786
1114823
7784130
3884237
9338048
4236508
6540806
5807243
4907249
3405303
1460564
567683
7601155
5580795
8949454
6879641
6114987
997166
3260489
3572228
1614734
9231737
546420
6071554
5600667
7416957
3248364
4115836
6788231
4020496
3703550
4807070
7062203
8850905
7521963
1669057
4102511
7749223
575948
4881015
3716747
943964
3251722
3946676
8374250
3930507
5219768
