2144
17820
20749
26509
39331
44925
47158
50548
51656
53090
71375
74385
82531
83210
88168
90546
93130
97610
100706
101115
103397
107722
109337
115200
128021
128512
140556
142280
144981
154398
159826
164642
170508
174605
192110
194617
196883
217382
219207
226363
229352
233893
234688
249063
251399
254462
260345
268534
268931
272856
278839
281670
291059
296425
299580
301225
302428
302487
304999
310291
320589
332187
336180
351088
357629
360093
361592
363690
369218
373493
398819
406145
406953
407424
408854
410489
414033
422734
427803
428781
441105
444326
449678
450753
451393
462245
464884
474034
474978
476401
478075
484798
488391
490682
491697
492058
497308
504635
512312
514211
517784
520591
521893
526127
527794
530677
532497
535900
541709
546420
546767
548228
551069
551625
554925
555544
565774
567683
575948
576881
583659
596916
597280
597800
598209
607723
618127
622735
627955
630462
631842
640001
657357
658809
661683
664372
668936
672210
674176
681111
689371
706566
711022
724013
725106
726577
728124
729563
736039
736875
739914
740177
743154
744251
749810
754500
762297
772291
778283
780716
787235
797825
807948
814223
818852
820872
828099
829491
832236
842280
843174
848620
848738
857935
858479
865038
866484
875015
880983
883894
894995
905393
905557
909515
909651
911073
912273
914729
915349
922992
923911
927821
937142
938072
942301
943964
944591
947288
950081
951004
952595
959385
978152
980253
985122
997166
998902
1001284
1004594
1017078
1028820
1035311
1039568
1047129
1055063
1057636
1062264
1062617
1065451
1069132
1069671
1075106
1082531
1085177
1089188
1093446
1111618
1114823
1129606
1130013
1132388
1139173
1144770
1148414
1153366
1157170
1172204
1174618
1186970
1189883
1190164
1200584
1204013
1208582
1209306
1210237
1211294
1213369
1216166
1232864
1235303
1235513
1245217
1247569
1250487
1259442
1262071
1267191
1270454
1285617
1296152
1298260
1315170
1315834
1317609
1323838
1325878
1334581
1334846
1338426
1343840
1347773
1361190
1364947
1365616
1366539
1366895
1368782
1377576
1378929
1379227
1385756
1386639
1387337
1387465
1391724
1401410
1405442
1410451
1415359
1424101
1430668
1433263
1435582
1435926
1438681
1440362
1443714
1444021
1453635
1455572
1460564
1462048
1463980
1486687
1489081
1491496
1493016
1500907
1505406
1510608
1512341
1513350
1518653
1519790
1533005
1542797
1543385
1550022
1553439
1556117
1559855
1562798
1570109
1573456
1582668
1588198
1588697
1592277
1596526
1609165
1611849
1614734
1615325
1621207
1624408
1625123
1638637
1640879
1645019
1647765
1651085
1655443
1657637
1658906
1666835
1669057
1672405
1673515
1673989
1677706
1678327
1685298
1689845
1693558
1702667
1711315
1723292
1727196
1732901
1733865
1737690
1738769
1746118
1753326
1755616
1766188
1768706
1769761
1792828
1805980
1819850
1820386
1831778
1848576
1853426
1859517
1882470
1885719
1890292
1894449
1922007
1953131
1959189
1960179
1967238
1967668
1968384
1971308
1982701
1984528
1995487
1996066
1996682
2003255
2007408
2009647
2015693
2016620
2022414
2023065
2033241
2033474
2039618
2040921
2043611
2054914
2058867
2060429
2060518
2064780
2068778
2072560
2080302
2085934
2090034
2097312
2099740
2104697
2105636
2110482
2124283
2131871
2136414
2140742
2146105
2154995
2159608
2159680
2170305
2174545
2183083
2183506
2185413
2194271
2198383
2198611
2201665
2206103
2207390
2213405
2215008
2225941
2226696
2226789
2237845
2239852
2255247
2264278
2266261
2281606
2284447
2302809
2307218
2307671
2311136
2311161
2315467
2315656
2322521
2325958
2333909
2334636
2338330
2341296
2344916
2345406
2372291
2380232
2389163
2401974
2402132
2402631
2407658
2410327
2413587
2417431
2426484
2439585
2439952
2440600
2448845
2451055
2451997
2453737
2456864
2460130
2463841
2466859
2467316
2475076
2492561
2493069
2496932
2498495
2502948
2522074
2523928
2540562
2541985
2547145
2548477
2550703
2555831
2569181
2577627
2578172
2585251
2586556
2593259
2593593
2616846
2619203
2625005
2625434
2630991
2635111
2636154
2640873
2646422
2646448
2648972
2650705
2652053
2652336
2653807
2660812
2663266
2667961
2672181
2672728
2674757
2678221
2692724
2720871
2721761
2727380
2731401
2732691
2735414
2735628
2741160
2748305
2761237
2762303
2768164
2775694
2780057
2780146
2781926
2782315
2785944
2798401
2798650
2801966
2802284
2803465
2807434
2808580
2818578
2825735
2832678
2839919
2845029
2852022
2857667
2858779
2859121
2860607
2870598
2887490
2896012
2897299
2912007
2913416
2928097
2931576
2937822
2939634
2940453
2940728
2955298
2956871
2959280
2961270
2961827
2964600
2964671
2969418
2972988
2982325
2985471
2991052
2994736
2996582
3002581
3010149
3011237
3014081
3016062
3029955
3033964
3043093
3045067
3047789
3049712
3054915
3064556
3075651
3082153
3084636
3084642
3084877
3085314
3100240
3100284
3107760
3113672
3118362
3128511
3129335
3136250
3143070
3144889
3155409
3155420
3163185
3189167
3211320
3213549
3227203
3233924
3238928
3246685
3247888
3248364
3251722
3256042
3260489
3261538
3268199
3272137
3281784
3282257
3288584
3290533
3290942
3300045
3301145
3310415
3318596
3330704
3333043
3334262
3335492
3338080
3345660
3352199
3355456
3360063
3367177
3367920
3372963
3373089
3388918
3389462
3389818
3397217
3399677
3401890
3405303
3421225
3422598
3424141
3434557
3439485
3441656
3444879
3445000
3454365
3461073
3461387
3471387
3476941
3479562
3498146
3510372
3536886
3538359
3538663
3545582
3566998
3570591
3572228
3574812
3582308
3582613
3585275
3594235
3597199
3599099
3600546
3601846
3608009
3616136
3621773
3622560
3627204
3628214
3636467
3642137
3654353
3657268
3658901
3667237
3675154
3679535
3685899
3686827
3688072
3688754
3693891
3697182
3697870
3703550
3708900
3712143
3712691
3716747
3723759
3725333
3731188
3733342
3747244
3748100
3754624
3762627
3768571
3782279
3782752
3806745
3823156
3827295
3832592
3832623
3839260
3843253
3845741
3851411
3855596
3867529
3867619
3874966
3878863
3883870
3884237
3896971
3904210
3907500
3910144
3912283
3912748
3925271
3925797
3930507
3932810
3936291
3939836
3944277
3945198
3946676
3952420
3955974
3965248
3971686
3980133
3988517
3993020
4003894
4008101
4008437
4014485
4020496
4021589
4036926
4047816
4049436
4063529
4077216
4079289
4079712
4083698
4086804
4087447
4088578
4093059
4094087
4094870
4096351
4098555
4102511
4106878
4108433
4109252
4115836
4116783
4120791
4134690
4138041
4146112
4147253
4154895
4158204
4162037
4162169
4166779
4176017
4182713
4193511
4194852
4195852
4202778
4203994
4204786
4205644
4215450
4218414
4226039
4230266
4236508
4243281
4243445
4256841
4260345
4268296
4278836
4285660
4289049
4300535
4304009
4305817
4306312
4306424
4307972
4316866
4323495
4336002
4339685
4340031
4348506
4370904
4378336
4379712
4380339
4388335
4393055
4393610
4399424
4399844
4401038
4401628
4403404
4418312
4420556
4426344
4462783
4468439
4471728
4475013
4475732
4479248
4480254
4494691
4498662
4499065
4502040
4506515
4507719
4519710
4519910
4522136
4525964
4535735
4551050
4553653
4566762
4574534
4578608
4579895
4580608
4587592
4589226
4593650
4602176
4602960
4608230
4608677
4614177
4624966
4626613
4628024
4631440
4651964
4652353
4657261
4657758
4665487
4669642
4670294
4681057
4684938
4685116
4687981
4703166
4705784
4715392
4718202
4720685
4732368
4732723
4737243
4756504
4757565
4759221
4783494
4787803
4798321
4798879
4807070
4809731
4812532
4818458
4821164
4826451
4829038
4831581
4833928
4840126
4841658
4844536
4849454
4866824
4870839
4874842
4881015
4884393
4886832
4887493
4893463
4905085
4905563
4906685
4907249
4908546
4908837
4909116
4915407
4923442
4924199
4927258
4932327
4949022
4952321
4953939
4954586
4958538
4961479
4967408
4974702
4978406
4985944
4987273
4992085
4994201
5006142
5006857
5010658
5021519
5031641
5031827
5034324
5038845
5039515
5044069
5051840
5059556
5066960
5067846
5078587
5079860
5095465
5098137
5102877
5103462
5117679
5119462
5121934
5122054
5125842
5136785
5139109
5140857
5142257
5151012
5153388
5155592
5160250
5163157
5195280
5200521
5200674
5207766
5210099
5219722
5219768
5225491
5226575
5230609
5231822
5236268
5248916
5251126
5263485
5268571
5280706
5281867
5286422
5287845
5288089
5288444
5291520
5292518
5294345
5298577
5298883
5305964
5309415
5322479
5333734
5339461
5342609
5343364
5343792
5345574
5345929
5350121
5352519
5354691
5358110
5372117
5373956
5374532
5376207
5376900
5383055
5383810
5399979
5402816
5425405
5425484
5433809
5433882
5434413
5437538
5441595
5456551
5465929
5468250
5471970
5472410
5473464
5483222
5483931
5486187
5486861
5487505
5488077
5495812
5496371
5498918
5502342
5513330
5515634
5516106
5516705
5519771
5521595
5522645
5523905
5547621
5555826
5561626
5568943
5573250
5580491
5580795
5581543
5581668
5585904
5589615
5591728
5591975
5595515
5598152
5600667
5606245
5607659
5607813
5618947
5623629
5623834
5624060
5631710
5635070
5656815
5657171
5662667
5663133
5679372
5680911
5683544
5686262
5687904
5691718
5694236
5715306
5718039
5721499
5724915
5725754
5727630
5727659
5730074
5733419
5736496
5737627
5742078
5756303
5756336
5759941
5762186
5762880
5772404
5776168
5791310
5793048
5793570
5796744
5806880
5807243
5819381
5823244
5840429
5845999
5854218
5866993
5871904
5884613
5886757
5892174
5893986
5896216
5911223
5931344
5931446
5940878
5942364
5949154
5949561
5952344
5954469
5961225
5968939
5971130
5971878
5975913
6000450
6011572
6014985
6017137
6027134
6027291
6028467
6029846
6030995
6035238
6037145
6044924
6046705
6052841
6056543
6057444
6068628
6070612
6071554
6071942
6074186
6077223
6081752
6084115
6085385
6086646
6090605
6090902
6095083
6109822
6114987
6121275
6127874
6134432
6136441
6137224
6137521
6140901
6143254
6153989
6157154
6163374
6163942
6165018
6174255
6176331
6183254
6190176
6194071
6195244
6212476
6213292
6217294
6219442
6220511
6224587
6228507
6229500
6232794
6243556
6262242
6268789
6269780
6282223
6284040
6289821
6290565
6290817
6291020
6295506
6301336
6305294
6319804
6319946
6330394
6333844
6335851
6341570
6350805
6354090
6356216
6376457
6382755
6388963
6399753
6412683
6413724
6420506
6426275
6426851
6434279
6447330
6460889
6460926
6466931
6470317
6472474
6473784
6478621
6481475
6493206
6496198
6497068
6501522
6502007
6502802
6504652
6509055
6510243
6518825
6522764
6526302
6537090
6540806
6542718
6543704
6551567
6551570
6560682
6561141
6565397
6568492
6571632
6581444
6587149
6589062
6589729
6590116
6593010
6598365
6605219
6606997
6626556
6628259
6629482
6636657
6638320
6640333
6644225
6648046
6648741
6652586
6657641
6658620
6672594
6672781
6673866
6675447
6693574
6695563
6707484
6712334
6713977
6714798
6722617
6725693
6726873
6730467
6734595
6737302
6737710
6737885
6748642
6749237
6751273
6758097
6760673
6764148
6767777
6784956
6785159
6787640
6788231
6788796
6794643
6794852
6796873
6807197
6808855
6812491
6815815
6817879
6820348
6825660
6837300
6842769
6846481
6847555
6853248
6864774
6869238
6870693
6874246
6879641
6881423
6881992
6887995
6893719
6901572
6907614
6913083
6930117
6938166
6939397
6940900
6941943
6947164
6953718
6989551
6993826
6993870
7003654
7010809
7012110
7020321
7027621
7036083
7037847
7039712
7044386
7048654
7049703
7051156
7051920
7056874
7058672
7062203
7079976
7090379
7091046
7103489
7104302
7114547
7119671
7120274
7139854
7140698
7149031
7153726
7154918
7156708
7158844
7160869
7167352
7172503
7172805
7177673
7181788
7186295
7190806
7191613
7198114
7199572
7204569
7206950
7210352
7214161
7214267
7223577
7230678
7230965
7235639
7235806
7237150
7248505
7249549
7254756
7256155
7266561
7267701
7270586
7276289
7277000
7281988
7286939
7289350
7291113
7292058
7303746
7304624
7307034
7310952
7323883
7327808
7332958
7333846
7337592
7351411
7352571
7355135
7362353
7366812
7366831
7367920
7379916
7384669
7387002
7387359
7387742
7388650
7392389
7397242
7401102
7414918
7416002
7416957
7418243
7420401
7423694
7431061
7440434
7443519
7443567
7469906
7479802
7481946
7486466
7490501
7494297
7501174
7502730
7508994
7511358
7521963
7562157
7562356
7572909
7575289
7576286
7583230
7593997
7594263
7597240
7598076
7601155
7602762
7604270
7608995
7612042
7619171
7626391
7630251
7632841
7635368
7638391
7650626
7651255
7656105
7656607
7662414
7665295
7672439
7674441
7684775
7688841
7690023
7695606
7702688
7709995
7710051
7724561
7727063
7728070
7733850
7749223
7755475
7756546
7758595
7761624
7762754
7765264
7766449
7770447
7775623
7779361
7784130
7786155
7790288
7791574
7794777
7796373
7797841
7802852
7804439
7807751
7809936
7811233
7812591
7813123
7817983
7835841
7839581
7843598
7843664
7847789
7854695
7855279
7860896
7867063
7867446
7867673
7870747
7874109
7879381
7881234
7887108
7901546
7917410
7920152
7923791
7929373
7933709
7942794
7959007
7959452
7963149
7969227
7975839
7989041
7992325
7998973
8001347
8004952
8006348
8010364
8014388
8017025
8021400
8024660
8029576
8032218
8035682
8037956
8048087
8050029
8051483
8059761
8073029
8073060
8073787
8074779
8077489
8080066
8087088
8087473
8093964
8106147
8113204
8115271
8120255
8127895
8134541
8140032
8146009
8148176
8148762
8151993
8164116
8172319
8172919
8180959
8182457
8186017
8189287
8202772
8203831
8205591
8206233
8216704
8218045
8239284
8247604
8249444
8252825
8253099
8254983
8259292
8260685
8262307
8274625
8281206
8290832
8292852
8299510
8300628
8302826
8307627
8312844
8313889
8318471
8322151
8324447
8326456
8333073
8346003
8347198
8347309
8348005
8352192
8353590
8365454
8374250
8378112
8381391
8388739
8394042
8394798
8396116
8396231
8398752
8409175
8411102
8414800
8414981
8423384
8423763
8435545
8440762
8442050
8464745
8466859
8476562
8489487
8501641
8502996
8505686
8508637
8510876
8511493
8518604
8520128
8521376
8526176
8531322
8535468
8543155
8544464
8548596
8549936
8551020
8555518
8561099
8570971
8572649
8577960
8582515
8582883
8588332
8599563
8610109
8614814
8629924
8633574
8641310
8644781
8646911
8663152
8667416
8669484
8671884
8675472
8687554
8690439
8693867
8702857
8703235
8712832
8730673
8743393
8745163
8746238
8748157
8762535
8771044
8776978
8779925
8781742
8786613
8788336
8790253
8791868
8811666
8815555
8821431
8828740
8829715
8849427
8850905
8851610
8852116
8853847
8858758
8858943
8859750
8860283
8867976
8869477
8871799
8878083
8885476
8896189
8905890
8909300
8915196
8920556
8931214
8934663
8938339
8947226
8948962
8949454
8952767
8953908
8962022
8962441
8967115
8984378
8985471
8986557
8987210
8987444
8990298
9018512
9022200
9027870
9032487
9035775
9037476
9041849
9050183
9059133
9064059
9067179
9077120
9095668
9098891
9102549
9105644
9126291
9129586
9133352
9134415
9142030
9143167
9146585
9154278
9157220
9159282
9163782
9165320
9167648
9172914
9173424
9176232
9176669
9179888
9187788
9189540
9194125
9204840
9208241
9216753
9224874
9227758
9229676
9230339
9231737
9235284
9237896
9241009
9245628
9246682
9250986
9253384
9254883
9260723
9262104
9264392
9271363
9272952
9273085
9277534
9291778
9301533
9303487
9305197
9306968
9308992
9321428
9322510
9323236
9327884
9329327
9329736
9332263
9333588
9338048
9339382
9349604
9352091
9359027
9361073
9361536
9375488
9389482
9397898
9401156
9402106
9407266
9408139
9408307
9409382
9410890
9411089
9414202
9417632
9430023
9433704
9437888
9442517
9469498
9470866
9472923
9480499
9482511
9482732
9482835
9484989
9502908
9503138
9519183
9522242
9524267
9530067
9532739
9537691
9551551
9565286
9567208
9572008
9572704
9572947
9573650
9575510
9576365
9593331
9605111
9607339
9613099
9618490
9622106
9627090
9627565
9629237
9637876
9646786
9646854
9651355
9653834
9653943
9654926
9658870
9661983
9661990
9663802
9664182
9667995
9673307
9681800
9685370
9688583
9690928
9692598
9696509
9698722
9706215
9708467
9714981
9715040
9724370
9725121
9726932
9728013
9731247
9731973
9740996
9742713
9757836
9769098
9778695
9785761
9793121
9794594
9798384
9817090
9823130
9825335
9828401
9837147
9839583
9842590
9851790
9853714
9864682
9867391
9879700
9888465
9889588
9915494
9918740
9921030
9922173
9931489
9934790
9942579
9950762
9952796
9958501
9961395
9962696
9969086
9977752
9987803
9995092
