5000
515
3301
4554
1692
4385
580
764
1219
4398
3916
1048
4926
2715
4591
224
1318
2126
848
3161
1460
84
2800
2490
602
3347
4160
4216
4052
4326
2091
3157
1106
2178
3377
254
921
266
3693
4301
191
3817
4249
3360
116
2141
832
3774
2742
2154
1951
2346
2098
1094
4076
793
671
608
3350
328
3081
1378
2069
4614
1649
4746
3768
2402
2992
355
469
3370
335
1213
3362
1275
3460
3011
4984
3042
3724
4561
933
4519
1680
3718
2803
1511
324
1314
4335
1413
3647
2210
1518
2061
2048
873
144
4595
4054
978
899
4270
4000
3999
4544
3673
3484
862
2321
1879
3028
2370
3211
4645
4590
4953
3110
1530
348
3529
2705
2130
3702
1884
821
559
1636
3763
1438
1144
3674
2985
1872
4064
2452
491
1187
2898
1216
4912
2596
1188
744
2557
2115
3535
1761
2465
3463
271
1135
4219
229
3519
4039
184
4528
3112
1913
1953
3730
369
2461
928
2437
1415
1259
2745
3650
3259
1040
1848
3796
2002
2287
2976
2468
667
522
1579
1844
2345
2961
2450
3423
2123
4013
905
3163
4403
2017
4114
1461
4713
4697
4545
2005
4606
791
4122
3898
4551
4311
4522
2331
3446
4592
1686
3909
3798
1662
3072
4846
1789
83
293
2746
1684
886
4306
285
4015
4115
1408
1200
1739
4731
632
4458
2255
4416
707
3758
2936
3344
509
695
2854
14
3676
4711
79
2353
496
4127
3927
3381
532
263
4700
2779
3367
2093
97
4992
4834
2566
2609
3270
1478
4997
4
4034
190
1534
4470
2033
1640
1757
4855
410
2901
1062
2421
754
3426
4631
1221
2472
3304
2301
1070
4628
4622
3438
2795
1450
1670
1868
1650
1982
693
4486
261
4302
1873
1637
3804
3628
4295
3622
314
3914
1035
2481
3873
1618
2275
49
1300
4567
1376
1722
3214
3410
2089
1037
4472
2564
4026
4944
48
3425
3162
895
3562
4547
924
1824
2753
4810
4047
2254
2812
4541
892
2217
529
95
4548
1771
3857
3663
4356
2003
835
2637
1791
3254
1526
1111
443
338
2811
418
4880
799
4669
4030
4085
3066
4312
2891
1850
2981
2394
3617
3803
4861
1474
3203
4464
4802
3979
2656
1342
1528
2489
943
2782
1622
3953
4109
3764
2299
1104
4940
3343
4347
4298
477
2244
2480
2932
4701
2729
1833
4822
4791
1571
1948
4558
3186
425
1405
3589
847
2915
2087
4969
4479
202
381
773
3712
2950
2416
1209
3536
1296
548
625
3225
4947
4421
3024
3750
1963
1412
4146
400
3789
2645
3166
3305
4055
2957
776
750
3391
2781
4966
1003
1400
3282
4053
3877
846
2752
1668
4702
3031
3204
2913
3123
1368
1859
802
2507
4752
690
4599
2893
544
4937
974
4874
4473
2792
1377
702
741
2608
4710
616
3139
4214
1628
771
4745
4963
2049
1970
1193
3260
2774
1251
3545
1909
1115
2896
1173
4909
2322
1234
3948
2658
21
3716
959
4583
4805
1818
4368
725
2771
3937
3389
4476
4437
2563
3472
454
3459
3130
2162
1302
2420
3715
2441
2152
1616
1741
2767
1128
4330
709
877
2621
1564
3567
591
2787
322
4655
493
2434
2013
3923
2024
2673
3236
1468
3806
3644
2899
699
4475
4077
2945
2243
2067
2798
4704
1396
1536
2712
1603
4454
4851
2633
4308
1966
275
4881
1938
4870
4512
2264
4863
2270
346
4428
1243
2672
3049
2298
3322
3228
1906
1945
67
450
1874
3672
1272
1073
2530
3640
11
1150
1231
1372
4600
272
1434
2965
4197
2161
1155
2474
375
1385
4961
1096
572
3385
511
4769
2208
1170
1542
4530
4267
1826
284
1856
3583
4152
3430
2619
114
954
3670
3
3690
3829
1600
2140
1651
712
2479
778
75
4672
4607
2623
429
1995
1163
1694
4804
3576
4141
4803
3296
814
32
2018
629
4490
4513
319
760
4847
2443
2171
4180
2905
70
2059
3935
3990
4933
4381
3501
803
486
4348
3164
3094
3794
247
3476
1322
1402
206
4405
428
2704
2173
2594
3683
1389
194
4108
4938
353
3082
3341
2911
3034
2040
77
3565
2215
2509
1697
1158
279
2410
4177
4230
4100
1168
1853
1555
3376
1246
3808
3374
3490
2888
4945
98
1483
464
80
3538
2094
4788
4585
4471
2229
4744
1354
1027
2876
683
675
401
3694
553
4714
3037
4767
4570
3699
2139
1064
2777
2211
2023
4380
2183
387
3742
1417
3482
1979
2510
4886
1696
308
3036
2143
3087
818
2845
1949
2943
4117
4409
4378
2935
1991
2459
3004
1669
3118
4816
3378
552
4151
2540
1120
2019
4174
1931
4036
4949
4565
570
336
3664
1068
2044
715
4623
4083
3000
4366
4273
1552
112
4605
159
1203
136
106
1177
3266
302
1871
4826
1577
15
612
607
2297
3850
2995
4900
1921
1456
563
969
344
2730
2342
2710
660
3445
2827
880
2826
4203
3744
1777
2628
4154
1598
2832
794
1053
4123
4369
2201
521
2460
1751
3905
767
1280
2646
199
3932
4325
1142
108
163
228
3379
1860
2186
4823
2290
3594
1364
24
2376
4890
2131
4212
3478
4611
4806
4904
2362
262
38
2231
2478
542
3572
585
4891
1926
1283
4741
3915
2132
4842
327
1864
4433
1132
1677
2199
3365
1432
3864
1743
3238
1681
2998
2526
2597
2379
487
2122
2030
530
1703
4477
384
4358
2866
1940
3542
2010
785
1807
594
1685
2289
4760
575
4573
4927
2278
4170
3642
171
1775
4010
2041
2748
4733
3156
3526
127
1442
1753
684
3465
1278
2388
1517
1431
104
800
4027
3552
1538
2647
200
2219
4653
550
4173
4480
2191
3314
992
4905
3352
4998
2397
4693
2065
3591
3240
3561
2857
626
3038
2361
4314
2107
3012
1939
613
1617
1161
3315
1576
3124
1034
4355
1958
367
4353
4682
2549
4740
1208
2583
4557
1736
2986
2158
1506
3269
1699
4037
909
3832
1679
2121
3065
69
4671
4603
721
4231
2937
3741
679
3510
2400
2431
735
2841
3840
3955
941
3010
4799
3317
1358
4828
1914
890
2671
3769
2914
3471
3453
479
1790
236
906
2074
1122
2629
4750
3083
2291
2806
2955
471
3006
404
4991
2983
1959
1014
2535
4095
1309
3454
1550
3687
3056
3893
1830
3861
1409
2414
990
2486
646
4594
681
4322
1794
2922
3757
3688
2007
831
2830
268
3263
4336
3626
1890
3046
3496
1652
4058
3807
7
2867
923
4162
1430
385
4796
900
3368
3775
4069
1653
4228
2134
4952
3413
4987
865
92
851
2447
1149
3404
3469
2667
3253
1780
3827
868
2542
4651
3653
1814
162
1453
761
4223
3655
1718
1898
2852
4462
4008
1176
2842
2838
1270
2969
3198
4663
126
1764
556
3660
4226
878
1228
1700
5
728
2153
1444
4005
1667
4650
634
4948
4728
4536
1866
2525
3659
590
2825
703
3451
3022
1688
2680
3725
3191
3407
4062
124
4239
3267
518
4321
3189
2262
3102
161
2916
618
604
4695
2687
2357
2926
3819
451
1933
3657
2639
1491
4157
4813
2095
2216
86
17
704
498
3271
2068
4596
2159
117
940
134
102
1788
57
2632
1012
1172
665
718
4539
318
4632
4612
3047
2751
2380
4776
2220
1689
4315
4414
4994
3586
584
3349
3486
313
4264
3939
4029
492
2238
1610
1917
2101
3797
2230
841
1285
2865
3656
1994
1936
4498
2887
4382
2336
2294
3752
39
4690
3985
1465
461
3598
4389
4334
2942
3295
1897
2554
4158
3200
181
62
3648
1744
3632
3499
1057
2541
1361
3129
2333
2772
1446
415
2676
2593
3899
3447
2657
2879
3540
569
3856
4979
4664
1607
177
4914
4161
4139
4509
2591
1110
3895
1701
568
3947
53
1325
540
3184
2784
2802
2265
1927
3261
395
1716
4735
4280
2726
3264
798
4394
1923
504
4489
617
488
4639
3691
347
1892
2692
187
1800
2862
4256
1383
2428
3483
4447
1232
815
4242
3390
1746
3009
4104
4934
2984
4856
2875
1065
3060
3931
2519
2475
1569
2227
3248
4073
4001
1854
4853
1674
4873
2340
4678
2076
1941
4147
2607
4495
3120
3732
3071
4195
2989
3983
2116
3116
758
3531
3196
2938
3339
4419
1334
991
3127
4359
4685
2504
2856
4018
1657
2203
3077
1582
54
2573
1293
2572
305
130
2348
1558
551
1932
2374
1729
3747
2846
4974
982
2454
922
1984
3396
2924
2809
4229
4303
898
2678
1141
3677
3121
1656
2491
1633
4629
817
4399
3300
4194
2532
4443
1255
1666
3439
45
1918
1605
4178
4635
1590
3950
4241
1851
1955
1398
545
207
204
358
1108
4370
557
3894
4278
2864
3435
662
4980
232
869
87
4867
4643
1050
1801
4723
2661
3181
453
1021
3402
3910
737
1822
980
1501
2565
2078
4785
4438
4756
677
3168
2514
2831
4310
4084
4640
3209
867
72
2970
119
3615
2858
1387
2968
1639
2651
78
1298
3991
115
2224
2136
4413
819
3800
2615
1981
2562
1937
3799
3882
2634
3727
2004
4257
1889
3841
1169
913
3337
3728
3722
2405
2150
3119
3762
3587
3679
1759
1165
1306
547
2250
4167
1732
2182
2531
2808
567
3369
1324
351
4452
513
2570
4577
2433
1102
2011
809
976
180
1781
4098
723
4778
2500
2104
1687
4444
649
407
1416
1174
20
4871
1374
4838
2160
3364
3218
2006
3782
2142
3108
4396
2556
2501
4939
3342
541
3719
178
2090
2775
1769
1626
3140
1072
3623
4412
1093
4755
2218
3922
2527
2982
2601
2214
2413
824
2709
3182
457
2073
4780
2835
3624
2720
2996
2373
4559
1983
3887
1017
4028
3984
3511
2574
1573
3523
1363
1422
4668
3641
4786
4990
1756
1720
989
3705
1218
2948
240
4936
4588
3306
300
1086
1609
3167
1327
1715
4675
4485
4136
925
986
252
4901
4907
595
3074
973
2872
4233
641
473
4722
4339
1295
2146
2897
3380
1763
885
3778
3740
1835
3048
2408
1713
3847
2652
426
736
3533
656
842
1799
1721
4662
3661
2700
647
9
3069
4688
2286
2962
2707
3896
1838
1360
1907
1861
621
1900
4337
3406
2844
1085
953
1074
3527
2828
4538
3582
1260
2711
3132
4460
1292
4253
2586
3045
3457
231
4958
4424
2582
3723
1343
1976
3437
89
2762
4090
4674
596
1265
4296
3883
361
3734
4601
1770
3149
716
3283
3870
2824
1829
4418
3136
1782
248
4781
4186
1391
3502
599
3079
3559
2344
1131
4492
1494
2430
896
4529
4649
2055
1972
482
2110
1602
71
1804
4502
2930
790
822
1632
502
339
3720
1693
4872
3906
1477
3686
4996
1738
1076
3710
3489
4761
3177
729
3154
4169
2043
1881
2814
2129
1492
1254
3859
2446
653
3234
713
1294
349
942
2691
4518
4402
444
603
4896
2209
4331
3067
466
4012
701
4892
2185
2144
2184
3996
3258
264
576
179
1253
446
4555
3091
2303
3208
1240
2341
1847
981
975
185
2108
2246
4506
527
747
402
1194
2391
4110
42
366
1779
1539
3835
3092
166
2878
3921
708
4281
151
1447
4644
3299
751
2356
4006
823
4556
2314
600
4466
3599
155
420
774
1499
2580
1023
691
2881
3765
1305
16
3414
2815
4448
1523
4074
2487
1098
2925
4068
4042
539
2821
3837
2119
2304
4232
1827
1005
3424
2890
3890
26
82
3543
1394
1435
1809
4608
2980
2274
2317
2051
4613
4737
4250
1604
658
757
4574
1151
1039
2406
2267
3630
610
4765
2001
2483
3313
1348
916
914
4247
2744
4967
2315
4694
416
3926
4501
500
3900
3849
3621
4753
3678
3468
1390
211
4898
3114
4400
4818
2837
3813
897
3262
1498
2096
1319
399
129
29
4363
3528
1264
2706
386
2718
2883
3033
3516
478
2147
782
850
3787
4578
1123
3584
2756
3275
1665
864
1028
4862
3001
4954
4263
1395
3440
4049
3456
3603
901
2553
4928
3629
96
3573
950
3671
889
4093
2558
1077
3458
3178
3995
3075
4617
1129
2463
1675
4535
630
1339
3485
1117
1504
4995
424
1362
2666
4299
2252
3035
977
1642
4132
1196
3032
2618
3886
1901
3822
2683
4144
363
2371
3039
3532
2036
3257
484
3902
3332
142
3978
1051
3814
505
2909
2196
1239
3585
2871
1381
4971
1996
1930
1806
3359
1613
2323
2014
586
805
4661
1224
3348
1084
686
3711
3372
3346
1332
3959
1580
354
4848
2449
4360
3229
2861
558
3250
988
962
3026
1153
2080
2786
4362
1407
4970
2349
3085
2536
4022
2457
4508
1975
4192
1271
722
1471
1725
433
3280
2407
4268
1276
1371
467
2991
3756
2411
743
1284
382
3265
2038
3651
4350
4869
4496
4075
4542
3146
1338
577
2077
561
2273
3605
8
4045
2571
2669
1007
2627
2438
4164
4246
1682
4895
4563
192
3504
3095
929
1397
4930
2288
1369
1947
1990
4575
1189
1410
2245
1842
4527
4269
636
3726
1493
3029
465
2997
3618
1507
372
3289
4687
879
1184
3550
4667
2880
4393
2863
4255
3802
1171
3654
1631
4044
74
804
1056
160
3416
3419
2282
777
2295
830
939
409
1207
3667
3925
3070
3965
2193
4329
783
3934
1772
1227
2517
1019
1301
2128
2719
3249
2908
3387
3684
891
2281
1252
525
788
1935
3084
3150
1943
1220
2401
1904
4119
4680
1643
714
3371
1520
2903
669
688
2086
4087
1620
2198
2377
807
1392
4434
1803
4560
4450
4604
4478
3606
3195
4844
1451
3974
1971
2225
2934
1934
2967
1206
546
3138
1031
1162
1124
1512
3689
4153
4106
4323
1382
2384
2734
3848
3836
4779
2276
2499
4889
1439
2539
1543
2167
1345
3429
4130
3844
1525
4221
3570
907
4543
3638
4046
3733
2822
724
2280
3566
1404
4514
4319
2537
3147
3854
668
3002
2641
1726
1505
4500
3701
1585
1828
1101
4771
3441
276
3491
1747
1024
2894
1075
4024
3357
3665
330
3319
4432
218
1727
1352
2256
4150
4637
3477
4642
2350
3571
3041
2466
2296
3115
1482
3917
1138
51
3645
1783
1229
4467
111
3336
109
1755
2708
4392
3557
27
1893
3839
1611
4377
4581
2739
2334
859
1832
315
2000
4654
1063
2079
1980
380
2456
1497
673
495
2
25
4009
4041
2508
4346
829
4048
294
4019
2505
4626
2611
2164
3901
291
209
4124
4973
432
946
3043
3697
4586
1311
937
350
2181
753
4279
233
1463
4175
4759
1986
3255
3100
3600
4620
4345
135
4906
3384
4067
4956
4204
3682
3692
288
1087
4163
1568
2257
398
1373
1581
2758
2643
2951
2636
4951
3303
1424
280
2293
755
118
3488
1894
4059
1041
2728
523
3845
2755
1863
1335
316
935
4686
2694
2163
4982
219
2886
2070
4463
1608
4061
4207
3608
3411
1449
2145
1646
4441
2042
3830
565
2778
4494
4789
2920
1185
609
2432
4483
961
4897
334
4272
3754
3577
4457
373
3755
648
2765
1767
158
3213
295
3783
2223
3497
287
5000
2966
4051
3613
63
3700
806
3474
654
1244
4983
2602
320
3286
4932
442
2533
3052
4910
2135
2617
1351
2650
4827
3824
2759
3547
4829
389
4550
2305
1683
2369
2954
2485
3187
2364
3207
1750
4597
3242
4236
3891
140
1267
3395
4625
2560
1136
2625
779
2124
2757
651
2631
2120
3462
2425
4176
1020
281
1046
3388
4305
2581
4985
3505
1905
4201
292
2679
306
637
2638
627
2555
2663
3846
2585
3761
216
36
4589
854
3695
856
4189
1592
4749
4025
3188
343
490
4630
2395
1516
2037
2221
2550
2740
1956
265
2575
508
1691
3134
3521
2035
3015
2977
2805
2721
535
1634
1957
1968
3637
1993
47
3966
833
4758
4245
3405
872
588
2272
2870
4569
1707
4707
3820
1705
2263
1304
1793
719
3721
1510
564
4365
2099
4743
2236
1820
31
3330
1742
3564
1877
4718
4128
4835
4149
4916
2605
1350
1540
329
3918
2595
1852
4352
301
745
4205
2194
1488
2520
4531
4285
4660
3696
748
516
2188
4102
1312
2234
1403
3152
4712
2015
1083
4602
2103
2284
1441
2462
734
2616
4787
2464
23
2197
1307
2307
215
1997
903
3853
2813
2422
1676
3780
4057
4911
3179
4050
3735
4783
3944
1336
4924
4016
3855
3235
4449
3089
650
4340
1500
2796
2382
2797
888
4407
4426
2675
4089
1587
4831
674
374
337
6
3518
1044
1237
3252
1865
2834
2368
2624
3578
3449
948
2665
1359
475
2418
1411
3969
2699
3541
4017
623
1181
28
2492
43
2309
3105
2498
853
784
2923
3675
258
1902
105
3530
4297
2497
706
4935
3588
2964
839
3867
1225
2736
4552
2737
1222
4738
455
4237
2522
470
1212
840
1556
3444
4096
967
4709
2769
1644
968
1712
4715
4621
201
3434
168
3555
3393
2172
4088
3743
4903
3325
2179
845
3852
2528
186
243
4384
4665
4683
3595
1708
3274
763
1760
4768
536
3748
4941
4182
1762
4435
4763
37
825
1740
4832
1961
1647
1924
33
2435
3546
2386
4681
999
4011
2761
3464
1597
1002
4388
3760
1266
4587
2696
2320
578
4097
4893
2949
3276
1273
1055
1380
3963
2052
3766
3581
3592
1323
3936
3014
4183
3753
4988
1457
210
731
4627
2956
1148
1728
3825
1678
364
1113
503
405
4275
148
183
1920
3842
360
462
174
4014
3707
4235
2912
2306
566
3373
2137
4451
732
3219
3284
2836
2138
1009
3308
2725
4584
1922
2947
1606
1891
40
1097
91
970
4065
3975
1262
269
2768
4689
3099
2544
182
3968
3962
138
4423
4946
4138
2917
2994
644
3199
2791
1601
1858
2919
3911
278
1030
157
3989
4155
3421
1178
1836
150
826
3793
4576
396
4734
139
1629
2547
3666
310
3714
2279
4482
4526
635
1817
137
1399
3312
2882
3792
58
170
4327
3126
4166
4133
2819
3054
2855
3223
4112
3492
1641
4865
710
4469
4811
2417
4140
1658
4899
4658
3885
2622
193
4696
3988
1625
4503
538
3884
3597
2548
3809
4361
2339
3133
4251
2207
1425
1154
2503
4878
2177
3473
4086
3548
437
1069
1452
4439
3920
1843
2698
4821
676
3709
2690
866
220
984
4673
852
700
3399
1566
3148
2330
4094
2311
3076
299
1549
2907
3220
655
2020
983
816
1004
936
3574
3503
4566
2987
4313
3155
871
3795
3680
2850
810
4410
445
1655
3614
1230
663
3805
2963
4406
1595
893
882
1513
4404
4320
1840
2933
2635
1182
244
3351
717
526
2682
172
1191
4468
1888
2050
30
1139
2166
481
2398
1969
3779
12
1103
4616
2889
1107
1125
4849
1308
1320
1899
4716
4725
4808
1006
2324
1834
390
827
447
861
639
249
813
2743
1952
2584
4748
3928
99
241
3159
1908
1100
863
1042
3997
4770
270
1179
1321
579
1964
2817
4145
2292
4955
2081
765
2958
1645
4525
3021
3145
2235
4824
4440
4859
4913
2545
73
267
605
2125
277
3246
1475
870
4429
167
4179
459
198
972
2902
1000
2212
837
520
483
1752
3326
2085
1472
4003
4357
519
1965
2233
1619
996
3003
966
3297
1473
3612
2117
239
1567
4453
2738
838
1078
1599
1386
689
797
476
256
4113
1702
4193
1118
2114
2470
3174
3452
911
4487
666
341
1796
2205
3329
2523
3320
145
3493
175
3334
76
3345
2959
1146
4071
3703
4371
2424
4035
2477
742
1344
4351
3579
2351
3291
3125
3183
2978
4099
1459
2072
4564
808
1427
2392
4225
4103
226
3919
1545
1071
3736
3481
4837
2260
932
965
1895
514
3875
1541
3930
2697
489
1190
342
4698
855
472
3889
918
2034
1197
3237
628
2747
4137
4931
379
3938
4143
2851
554
3309
2381
4739
787
3652
2529
1509
3302
311
2783
1575
3772
739
2789
4427
2735
4989
414
18
1886
1326
1059
3759
1443
4572
3216
1476
3821
4884
927
1698
4343
2444
3298
3224
2972
4488
2859
3580
3328
1551
4101
1198
730
3601
951
3023
3153
4902
834
1928
2766
2843
1116
3662
2213
1011
643
4262
4079
2603
4344
141
283
132
533
1367
657
2399
955
1414
2427
2058
1710
3192
592
4624
1730
93
4493
4184
1560
4107
2693
1591
4294
2724
3868
2588
321
1286
1816
3104
766
253
94
4546
4850
3400
3495
3013
3243
1537
4798
985
1066
1960
3165
4430
2325
4751
1810
4726
2155
3185
1060
2807
3713
123
2423
3210
4943
1112
176
3888
4736
2112
1785
3903
4309
2684
1857
397
2546
1119
2390
2868
2731
3611
4032
286
620
4258
1496
4666
3815
2300
1749
2092
3244
10
2251
4020
3080
2488
3144
4647
1869
3096
3197
1524
4929
1572
356
4762
4505
4070
1245
2476
4593
611
4579
4373
3982
1624
664
4562
1202
3843
1223
1978
3980
2953
1876
752
512
4812
4224
661
698
2496
1754
394
377
2409
2598
441
3549
60
849
1347
3097
2445
4520
3960
1999
633
3924
1299
3941
2031
2022
4291
4060
421
3098
4415
1635
2612
2801
3051
2702
4708
3507
2453
820
3998
1140
4533
4515
3522
4185
3879
1091
3273
3625
3173
4986
1911
2568
4120
4080
4864
2900
3206
727
971
1180
1263
2338
4968
259
1709
260
2552
2016
3101
1016
3333
678
1570
3897
3287
4742
2083
2283
2600
365
3749
2592
3524
4248
531
1733
1114
2363
2054
4676
1823
2820
2944
4240
1885
1145
362
3479
3746
2515
2764
2352
3281
2829
434
3971
1137
154
2047
1429
1561
3331
2534
2971
3412
2495
345
910
81
64
431
994
2979
1346
759
1052
4977
3976
4510
110
3513
3812
3193
1
1547
1043
3408
4442
3403
238
3398
227
1105
887
1870
1544
3160
3323
2455
3525
3908
555
1574
3256
4187
3053
775
3401
1812
4521
4391
1521
1147
1554
3059
1485
746
1773
2060
289
3512
463
1514
506
4217
2940
4917
3277
3239
2551
4033
2148
904
1401
2111
1428
2670
393
3634
304
920
4657
876
4156
4549
944
1954
430
3977
3455
2157
4720
3392
687
3450
812
2610
2248
2578
2904
1690
587
2222
1758
1445
1559
3175
2874
1099
2082
2785
1268
4459
4972
325
4436
4056
4964
1130
2703
3487
2242
2741
2404
1987
2988
2190
3646
589
957
2106
4274
4148
2750
3431
3222
4172
485
3620
146
312
3324
4921
221
979
2174
4260
4836
3872
581
1802
1795
113
3221
85
1583
107
3383
1192
3972
2396
242
2403
3826
3945
997
3568
3773
2849
2039
619
494
22
340
2701
3776
88
1562
2261
4318
41
507
1808
4571
3669
1589
756
2113
2328
3554
3272
4288
2511
3892
3170
3418
4705
2910
2335
1290
682
1882
4524
3232
44
3828
3103
3008
1925
4814
2056
902
4125
3880
3681
3607
993
3107
2008
251
4845
4287
4259
3093
245
1081
1529
3823
4876
1355
4372
4375
1819
4879
4618
789
1217
4957
4866
4883
4390
1418
1784
317
2567
419
4852
2763
705
3986
1157
3737
3940
3466
3717
3633
196
2524
3382
4772
2071
3212
915
1282
1919
3180
368
3604
2543
1467
1095
4135
3954
3230
1974
3833
640
66
4809
1615
1258
3233
652
4300
3311
3058
2840
4782
1977
1067
3616
2606
1226
670
3786
2722
2237
2569
836
3073
1638
4858
13
4215
4317
3044
225
2232
2075
4993
4293
4165
4244
4276
1489
4208
1082
3251
3318
2599
4004
2318
1462
2240
3956
2674
4420
4582
4532
1946
4227
638
440
1317
2156
2793
4962
3964
1745
1199
3355
680
1045
3593
1248
3785
4379
3534
4286
645
3361
3117
792
4960
1896
2620
3508
1578
1533
1479
510
4516
1406
2329
1787
3176
3863
1480
460
2469
1289
3770
1026
4724
1088
1058
3993
2521
2688
2202
4975
524
642
1621
4072
208
173
2681
4619
3231
1341
2713
4455
3515
1214
1080
3791
3278
2662
3461
4882
391
4699
3241
1798
2773
4198
4134
3316
2383
2064
2316
1522
3106
4877
2516
2354
537
2385
3831
4484
912
4857
4777
4923
3862
3363
1235
2027
4691
2518
4918
2084
4181
2266
4316
3436
203
2664
1527
3335
2906
4854
2439
1663
480
4717
2873
4719
357
4383
4341
1594
3068
332
2473
4277
606
3706
371
3558
2471
560
4978
685
2372
3818
1033
4860
4252
2853
1420
3151
801
403
995
2727
2823
3537
2109
2760
2241
436
4411
4670
3386
534
90
1711
1532
3738
1384
1765
2677
3141
4038
1331
1915
59
156
2429
1205
4754
1353
2378
3122
2946
2268
290
2818
2590
55
2860
1032
696
3307
3448
3417
61
3933
1596
2973
4807
1731
4290
4261
4908
4875
3506
1588
3751
4333
3293
908
874
122
4481
1470
1313
1269
3055
4534
2168
378
4677
4417
4401
149
1183
4142
1998
2118
411
828
3970
383
2733
2189
4284
786
4338
1855
2028
883
2974
4523
4168
1433
4800
237
1261
796
583
1337
3131
3090
2816
1774
2494
4265
919
4445
4950
528
376
4367
4999
3739
435
3871
3475
2576
3443
3636
1001
3878
1593
1627
4773
1508
2415
2884
4499
4636
4292
2440
772
1375
4815
2833
3553
3987
2839
3929
1054
3951
2026
1388
2149
2269
103
1546
672
133
3952
1841
1992
2685
694
2302
296
1455
2714
2614
884
3509
3639
3356
3967
1166
4915
4190
2204
1204
3514
998
2310
422
2716
2367
448
2389
780
4078
2640
474
4553
3834
4730
3658
2749
1274
273
1029
631
1486
2360
1310
4841
4129
1515
2062
2723
1548
858
1329
1164
4839
571
4397
1792
2332
52
3158
614
274
1929
1349
4043
1495
3394
2458
3745
4220
4118
35
1672
4598
1175
1092
2975
333
3865
4684
4040
438
4023
1008
770
1813
1839
1586
3609
4638
417
2009
1811
250
1250
1837
4254
2180
4171
1831
1875
2319
3169
326
331
1846
3556
4188
4833
2169
1089
1211
3018
2326
423
3858
1256
3142
4266
4092
4517
19
1426
309
2271
3111
2502
762
2358
1047
4747
2375
769
2451
3560
100
3946
1152
1704
3375
2200
4159
3310
1916
3942
624
860
1734
3292
2561
3957
3708
3285
3027
1010
1233
3428
1563
1279
2799
3017
1797
3838
2226
2732
2877
164
2025
1236
1247
3590
2057
1366
2359
65
2176
3128
4981
1717
195
449
1464
987
2695
3994
4656
3480
1724
958
2029
1973
3415
3539
4497
4210
2258
1989
4222
2644
3062
2426
2810
352
2482
3135
4121
4031
1022
4206
875
46
947
2990
3729
2239
3432
562
1735
4111
1454
4395
4408
1287
68
2895
4729
574
388
499
3685
165
2668
3205
1315
4795
3063
1466
4817
2660
3279
1379
2032
4091
4721
952
1502
1121
2717
4540
1143
3030
1195
1419
2927
2253
3353
1648
1845
2343
598
4387
1944
697
2493
1015
235
960
2559
3217
4511
3771
3288
3949
1584
3943
3569
1167
2045
2285
749
4959
1484
2921
4840
1723
2195
1370
894
3500
2066
4131
2776
4209
1257
2993
938
1912
2869
4234
1883
4830
934
3078
131
153
4126
738
964
844
3874
1519
3366
2151
2790
1288
3866
4202
4609
1630
3470
1942
4324
963
2063
1490
4610
2127
1330
3005
1660
3961
3409
1241
4801
3520
4568
1215
4820
4692
2467
1878
4422
4196
1815
1719
4894
3649
1903
1988
4211
3596
4082
413
3811
3790
3338
2308
4641
1356
1950
4446
1238
4081
692
956
3544
768
3907
4659
3194
1061
926
4504
3321
3358
1281
370
497
3731
4766
3057
1159
931
412
4364
3268
1126
2102
2105
323
303
4757
3619
4784
125
3143
720
230
2313
1328
1776
2247
1210
3602
128
143
298
1133
147
214
2170
3171
3704
3354
1291
2277
2655
1025
1316
3442
4116
1503
781
1437
1862
1436
1880
2513
3172
3810
255
1393
3201
1423
3086
2187
2780
1849
2654
120
2689
2337
406
3109
1557
4920
4271
3668
2794
4386
4794
217
1018
4289
223
452
501
2847
2931
234
3517
2436
4976
1448
726
2804
2412
4002
2512
1962
3551
4191
4679
4925
1805
169
4374
857
1333
4200
1967
1661
3113
4792
3912
917
1887
3777
2312
2046
4465
549
1867
4354
1654
1340
1458
1748
3767
1671
4342
2928
1079
949
659
4304
1365
456
3498
4790
2133
1297
4431
4007
4652
4376
1201
2442
2653
3627
2929
4703
4238
4283
622
3025
4774
3494
3973
3050
246
573
3876
2848
1737
4282
1013
2366
2885
4868
50
4732
2952
881
4328
4919
56
3061
359
3816
3784
3088
297
3422
2770
2206
2249
3698
3007
2589
3420
3247
3227
1910
740
2259
1786
4456
811
4965
2587
3631
1714
1090
1134
4885
392
1985
2021
1036
3563
2579
4580
282
213
2626
930
3020
4775
3064
2175
2100
3643
4213
4633
2999
4332
1821
2613
4942
3137
2365
4021
2939
4797
582
1303
4218
4537
4764
1612
3016
3245
1531
3801
1766
4793
543
945
3340
2506
1706
3992
2355
3202
1440
2604
3327
2012
427
1481
3788
3575
212
2088
1487
1673
3226
4491
3635
2165
4474
1664
3467
307
189
3913
3610
2918
4922
458
593
3869
1109
2754
3781
1038
152
408
3294
2419
2097
4425
2686
4819
1156
517
3881
1565
3433
1553
34
3397
2053
222
1049
1825
468
4615
4066
1535
2192
101
1659
4063
2788
1421
1469
2327
1249
3040
4648
2387
4461
2577
257
4199
1778
3981
2648
197
3019
2659
121
4307
2642
597
733
4507
3860
439
4706
2228
2484
2347
1357
3190
711
843
615
2448
188
4349
2538
4888
3215
1695
3958
4646
1186
2960
4825
4634
1614
2941
1242
1623
4727
2630
1160
4243
1127
1277
2892
3851
795
205
3290
2649
4843
2393
4105
601
1768
3427
4887
3904
