1620
302
1368
1708
854
1156
1890
100
30
1922
48
266
1680
274
1938
868
1046
654
1256
1116
1244
772
1762
1428
1516
1638
668
486
532
388
1012
936
1048
396
94
988
1322
518
510
924
496
120
420
1734
626
1058
874
1150
82
632
170
1648
1846
1522
112
1966
1162
1646
40
940
552
900
414
326
1644
1080
1146
1100
308
680
1780
1196
1732
1374
52
1800
1748
662
946
762
352
1956
1642
88
504
1250
888
74
566
880
1856
576
1484
1282
1356
1658
726
1520
356
1420
1206
736
1826
378
1190
614
1690
468
732
690
1792
840
1336
1292
1476
1584
594
1752
1092
860
1508
1556
1674
1018
816
1490
1174
1630
1108
418
4
1074
1486
462
76
1098
1562
1964
440
1384
1552
1974
1536
562
1518
408
1286
24
844
394
1346
526
92
1312
1378
1408
1736
1968
1660
1550
2
384
1448
338
1684
20
142
806
172
1434
1758
288
1814
1528
212
548
780
760
870
1798
1750
930
386
1412
126
1760
1128
814
1844
1582
1004
912
230
494
1590
124
596
28
1354
1502
1724
1228
514
466
960
1300
1716
1144
784
1504
190
1324
1442
1802
1842
846
1242
1416
1982
1394
1806
862
970
952
298
1926
768
1054
130
1194
1688
1930
1740
884
312
1532
1990
1980
246
1274
454
268
978
80
166
350
144
1042
750
994
774
692
538
1948
366
1480
1714
1702
1040
878
916
200
370
610
322
600
842
1088
152
154
102
734
252
992
122
578
1038
332
310
342
60
188
472
1626
718
1588
176
1068
70
1432
882
1808
232
1604
872
432
1388
1494
38
256
1318
56
1894
530
224
1338
1944
44
1960
434
598
1152
1264
1302
1942
1186
36
106
684
1818
876
476
1444
1904
368
638
444
830
62
490
1436
568
758
1414
1860
646
1608
1176
1296
1422
556
68
894
324
810
666
1310
890
536
1262
1402
1446
1028
480
1308
1246
546
1564
1220
436
1204
824
1924
586
886
1230
686
1540
1260
748
1534
218
1138
630
956
818
1002
108
498
1628
1506
1020
1112
554
1248
234
1912
150
404
1326
620
392
204
1764
590
10
1000
6
678
778
178
1396
898
950
380
1712
1918
584
1978
892
918
296
1032
492
110
560
1962
1568
1464
1380
902
1668
864
328
836
146
740
1050
1430
968
664
134
1526
456
1954
550
1896
1182
990
1580
1784
1104
820
66
920
1514
1864
158
676
1488
78
282
280
672
1362
1386
1936
1328
1062
156
1998
650
1848
1010
1216
704
1822
488
838
856
336
1866
570
1306
1728
1130
50
194
910
64
1030
1908
1854
58
850
1240
284
360
1164
222
376
1084
334
1026
1578
1076
464
484
1928
1006
1664
348
1136
588
1440
1472
426
1366
752
1332
832
1252
272
1706
1352
998
1342
1458
1880
782
1946
1066
1566
1192
1344
96
1874
1268
574
1154
372
1616
276
1390
1830
1970
1284
240
788
986
1180
624
1610
1744
1868
2000
1330
528
1686
1700
984
648
934
1640
1888
1840
1160
402
1586
318
104
1124
1672
1720
792
1290
738
1008
1234
1210
580
694
1148
572
790
1932
1184
804
1372
1538
1618
1090
300
262
786
1022
228
346
406
980
1082
1170
1900
1426
1114
1996
1940
506
1776
186
1120
168
1320
966
644
446
928
244
438
1722
138
796
1460
34
1698
180
424
512
46
214
1158
1870
1314
448
1820
1790
1598
502
458
1772
1424
1202
354
1850
604
250
688
1572
1278
1614
712
642
1134
682
242
1704
1468
174
722
1212
1682
742
1666
634
160
1592
210
136
1836
516
1188
1106
292
16
938
1730
294
1812
364
1632
636
670
1852
1916
812
1454
270
1126
508
1754
764
1602
1132
1606
1340
90
1096
1652
1142
1334
1496
730
116
1786
896
1200
1086
974
776
1208
972
1024
162
794
238
1036
1266
1078
1512
118
542
1662
1382
926
1824
1774
1172
430
608
1892
1034
1510
942
140
766
1718
132
628
1810
1226
696
1450
1738
1876
1872
674
290
1988
1636
1576
84
54
652
1902
720
208
1276
1398
822
1376
1952
592
42
1920
706
544
460
1934
114
702
1232
746
1044
1102
422
1634
192
982
286
1950
1560
304
522
428
710
656
1624
1404
802
798
1984
1676
660
1958
72
1014
1834
962
306
1482
314
1418
98
148
1794
848
1218
1710
196
520
606
1862
602
714
206
954
1878
1884
1654
8
86
612
1612
202
264
1828
374
1466
1198
716
1400
1370
1656
1596
1986
12
1238
1178
216
1788
1570
1052
500
482
398
1168
1122
1574
1898
1694
1746
1214
1348
834
964
442
1558
1546
1622
320
1280
450
534
1272
708
1838
852
1692
1678
330
358
1778
1500
1166
800
858
316
236
1726
1976
1972
1294
558
1914
922
564
582
1288
700
1316
1554
340
1410
1072
1742
1298
1056
1600
1756
1110
1804
1768
1542
976
22
184
618
278
1816
524
932
948
1358
744
416
1222
1544
226
1796
996
470
1140
382
616
906
1670
248
1456
1548
1882
182
1350
1236
770
1478
258
640
754
756
1270
32
1910
14
914
362
1064
410
254
412
26
904
1858
1304
1364
1258
1498
400
344
1470
452
908
1254
944
1906
1650
474
958
164
724
1832
128
18
1224
698
1696
808
260
1594
658
198
1016
1392
1406
1094
1766
1886
1530
1360
1770
1994
828
826
220
478
622
1492
1070
1782
1524
728
540
1452
1438
390
1462
1060
1118
1992
1474
866
